42199879
42187318
42181685
42177634
42169869
42146952
42145766
42126165
42121676
42121105
42119707
42113942
42113941
42113932
42113927
42111884
42109617
42080720
42064814
42063191
42060490
42058504
42050421
42043363
42039956
42036645
42025664
42020351
42007741
41994243
41992153
41986537
41966505
41956389
41951992
41949920
41945702
41945691
41931507
41924206
41920477
41914646
41912634
41907245
41891098
41882278
41870997
41868572
41858980
41858978
41855254
41843080
41837042
41827339
41820937
41816102
41815634
41810891
41809309
41808764
41805651
41805096
41803209
41796208
41793371
41793365
41793361
41788695
41787290
41763626
41753041
41748119
41746358
41742098
41739913
41734869
41734035
41733784
41725200
41718660
41704577
41694686
41675734
41669707
41665909
41665331
41665330
41665322
41664280
41662184
41661181
41658982
41654065
41647153
41644615
41642891
41626317
41608128
41595971
41591872
41569212
41563016
41559936
41547527
41525098
41525094
41525093
41525092
41525091
41524011
41524005
41522239
41521495
41517721
41517464
41497725
41496142
41488715
41488714
41483445
41480467
41460129
41459031
41457821
41446838
41432517
41432516
41432506
41427448
41425087
41411262
41409358
41400811
41396443
41389690
41383249
41372540
41370829
41369672
41369670
41369661
41366754
41354188
41348419
41345440
41328826
41325313
41324117
41321555
41310534
41305740
41301155
41291246
41280619
41276962
41276956
41274623
41261702
41254894
41247553
41247472
41247447
41212966
41212964
41212958
41212957
41195408
41191931
41191930
41191870
41189791
41189781
41187966
41168723
41164216
41163821
41163087
41159562
41158178
41158161
41147948
41146198
41146077
41137571
41134277
41115939
41111201
41111200
41110583
41109393
41095669
41093867
41088682
41088631
41079506
41075913
41075735
41070079
41065742
41065739
41065733
41065732
41059796
41059243
41052106
41050442
41050260
41035146
41034774
41029274
41016970
41005968
40999507
40994605
40992489
40986049
40976615
40972742
40963955
40958129
40947529
40939641
40936031
40926937
40923618
40923616
40923615
40923614
40923613
40923607
40920156
40900995
40889751
40887222
40885436
40877528
40868073
40880161
40875071
40855539
40865157
40864184
40847350
40840455
40842820
40837667
40831799
40830852
40827303
40826051
40823163
40807023
40803253
40786819
40781520
40781497
40778939
40778936
40778872
40778870
40778869
40757202
40747989
40745915
40745645
40737267
40730506
40704251
40700085
40698097
40694076
40691596
40688776
40688735
40682746
40678733
40666777
40666763
40664759
40664551
40661247
40659730
40658632
40653540
40653255
40648779
40638060
40630851
40626438
40626433
40626427
40625637
40601513
40601503
40597867
40597790
40597090
40597045
40588075
40586791
40580348
40579125
40567923
40560290
40557398
40551923
40547359
40537265
40536262
40534800
40534794
40530230
40527392
40525849
40520801
40517993
40513991
40506651
40494048
40492632
40488485
40482944
40482723
40474170
40474123
40458809
40458252
40456396
40451982
40445504
40427084
40426178
40401218
40385121
40385113
40351463
40350347
40340683
40340679
40340673
40330960
40328136
40323465
40319988
40319215
40297524
40296639
40295504
40291838
40287029
40281740
40279320
40279261
40276947
40272311
40265998
40258761
40256035
40252945
40244399
40243075
40243072
40243065
40238717
40231078
40227174
40217732
40216806
40215757
40205533
40203707
40199570
40197083
40197080
40197076
40189889
40178682
40171137
40167851
40165267
40159554
40158342
40155855
40144768
40142206
40132091
40127837
40124678
40103964
40103957
40103788
40102791
40102567
40102539
40100052
40092745
40085260
40078792
40075880
40075391
40069672
40067672
40067670
40067668
40055637
40052286
40046896
40042352
40038326
40031934
40023354
40016815
40009249
40007272
40004598
40004569
40003656
40001065
39995743
39989728
39960401
39959589
39946315
39941542
39939419
39938918
39937981
39937977
39937974
39935797
39927507
39925558
39917039
39911435
39900802
39900646
39897142
39896888
39881018
39880672
39875465
39862961
39856569
39855446
39841871
39840211
39836534
39836318
39830041
39829621
39827234
39826357
39815836
39814802
39805661
39792283
39783820
39783819
39783817
39783809
39762309
39743926
39737364
39733784
39731247
39697877
39694459
39692387
39691111
39685482
39666866
39665995
39661442
39656257
39656255
39656251
39656250
39653022
39651505
39648029
39641610
39635258
39632949
39621051
39602353
39600614
39591576
39577672
39576656
39576485
39575318
39569779
39563679
39539900
39525777
39535071
39533004
39530991
39530987
39530985
39528007
39511370
39510369
39509277
39505061
39502959
39502627
39495112
39483991
39470468
39464765
39459588
39458130
39457602
39452558
39448432
39446853
39446850
39429624
39427010
39413248
39407777
39407053
39398471
39398468
39387384
39387380
39387379
39386175
39380189
39375138
39373787
39367396
39363130
39359915
39356967
39350140
39333996
39324247
39319914
39318903
39317099
39316192
39315304
39313768
39311974
39292522
39290163
39287273
39284400
39284031
39280629
39257104
39254251
39254246
39254244
39254243
39254239
39254238
39244630
39237938
39231723
39229665
39227793
39226353
39223626
39219796
39211657
39211645
39194600
39188874
39185830
39185826
39184392
39182212
39156271
39155380
39154649
39147728
39141409
39139351
39120023
39120020
39120016
39120015
39114735
39112522
39103855
39102261
39085158
39085154
39085153
39083227
39079759
39078954
39070107
39058250
39037500
39026900
39025658
39025644
39019581
39015239
39007817
39007811
39002831
39000162
38999534
38999358
38997503
38988774
38985933
38984129
38984110
38978191
38967494
38964497
38961236
38954134
38952720
38951314
38940469
38935041
38928690
38925892
38918902
38916805
38916023
38914606
38907885
38905464
38897594
38897147
38895670
38892769
38885176
38872649
38872607
38867491
38865592
38860117
38854896
38853628
38848054
38830188
38796537
38792550
38780430
38779265
38770606
38767561
38767551
38767500
38766343
38761745
38759151
38758195
38749526
38748408
38741093
38721520
38721519
38721517
38719245
38717086
38717084
38717083
38717081
38715272
38713483
38700941
38693644
38692706
38662191
38641525
38638871
38634955
38627647
38610913
38610671
38610665
38601117
38593261
38593260
38593259
38584290
38562576
38561842
38561680
38558790
38549912
38541890
38537048
38535765
38532848
38527771
38525385
38523280
38512159
38509410
38498276
38495052
38483915
38481187
38478758
38472953
38472013
38466766
38465837
38462377
38446490
38437155
38434461
38428893
38428861
38418603
38410630
38407590
38405105
38403780
38403614
38389611
38389207
38386250
38383079
38381615
38377878
38370587
38368345
38365580
38353281
38351423
38347671
38346124
38346121
38343904
38340212
38337384
38331788
38329555
38321320
38317793
38317330
38317325
38305328
38300218
38288954
38287289
38282962
38277050
38265274
38263379
38259844
38239948
38237715
38235646
38235628
38234620
38234306
38231497
38227767
38223300
38221644
38190565
38190564
38190563
38190557
38190027
38185959
38179268
38163580
38161519
38161515
38153777
38150030
38146972
38145371
38135134
38133648
38131581
38131580
38131572
38131566
38124047
38111940
38111853
38099386
38099358
38094319
38091059
38089509
38073674
38073672
38070308
38066467
38051678
38048136
38032001
38028522
38028510
38026612
38026604
38026600
38015419
38012462
37998414
37996630
37983313
37979904
37965960
37964822
37959406
37957578
37947823
37939068
37937761
37937758
37937755
37937754
37923602
37925481
37906019
37905613
37894101
37886779
37881328
37876510
37871883
37870848
37867286
37867284
37861937
37851736
37851133
37850767
37846084
37843316
37835042
37834823
37827443
37824301
37805419
37805413
37804021
37803347
37792813
37787252
37781320
37774740
37772880
37750098
37748318
37729174
37725147
37724263
37702453
37699556
37691365
37675911
37675910
37672251
37669421
37665497
37663590
37662649
37656340
37644351
37641671
37633325
37625152
37616187
37614825
37603162
37602629
37602613
37602610
37602609
37602337
37595291
37594948
37578178
37572159
37565903
37561251
37560555
37555621
37553927
37551356
37548824
37525155
37521150
37506370
37505289
37495937
37489329
37470969
37469861
37460969
37453939
37451964
37449510
37445571
37445506
37445353
37438954
37436139
37418971
37417158
37417110
37410299
37408723
37408717
37405568
37405512
37389763
37379112
37379108
37379041
37365492
37364677
37361690
37348513
37340090
37336511
37334265
37331426
37328617
37325042
37322655
37322646
37316286
37306206
37306204
37306202
37297956
37287640
37273504
37271309
37267821
37264578
37264576
37264322
37252164
37251989
37251984
37238641
37227748
37218171
37210641
37206164
37203052
37203051
37203044
37203043
37203042
37198622
37194118
37193056
37192993
37192554
37187955
37186807
37184499
37166228
37164397
37162399
37162395
37153094
37146636
37146290
37144645
37123747
37123732
37123422
37123406
37123358
37122005
37113611
37101407
37099670
37097193
37091331
37087043
37085363
37083872
37081425
37078178
37077486
37077475
37071088
37070148
37069944
37067693
37051278
37043981
37042853
37040470
37040213
37040210
37034379
37026291
37026241
37017958
37014746
37009857
37007258
37000704
36995816
36983581
36973686
36973657
36963605
36951821
36943309
36937680
36937201
36937196
36937191
36935801
36935780
36931367
36928622
36928130
36923029
36917962
36913543
36905461
36902566
36892243
36892242
36890912
36877777
36877318
36870589
36869982
36862309
36859738
36855211
36836669
36836490
36826752
36820795
36816223
36816215
36800492
36794626
36793199
36791274
36782180
36779807
36779469
36779466
36778055
36775668
36774646
36760919
36743675
36736649
36730946
36730463
36730364
36729709
36729642
36728310
36727344
36727343
36727342
36726315
36722722
36721582
36717828
36695544
36689681
36688539
36685712
36682954
36675659
36670012
36662234
36652015
36644473
36644469
36630439
36630432
36630431
36630429
36630428
36628014
36615041
36611322
36588209
39967914
36581595
36578667
36553038
36548936
36547739
36542108
36539706
36539217
36534673
36524598
36517698
36517578
36493767
36482343
36480900
36476304
36476303
36476302
36476299
36476297
36464663
36463966
36458595
36458563
36449679
36444207
36431330
36410469
36407166
36402902
36388243
36384541
36381848
36377271
36367269
36367265
36367264
36367263
36367262
36367261
36367259
36367258
36362522
36348201
36345532
36341039
36334941
36330059
36325836
36320050
36318813
36313989
36307607
36294491
36292351
36285731
36274677
36271372
36267955
36265575
36264334
36262841
36255612
36250753
36237491
36226374
36223055
36220657
36220656
36217120
36214351
36214348
36210376
36205877
36190031
36179351
36178782
36169431
36166075
36160168
36160150
36153757
36147395
36147260
36138148
36119391
36114139
36098392
36098388
36091697
36091674
36071403
36046571
36042913
36033821
36026702
36026693
36026475
36018101
36017038
36013505
36013100
36013070
36008331
36001208
36001080
35999830
35996774
35987793
35987663
35987632
35978275
35977749
35971499
35971489
35965627
35957728
35947004
35947001
35947000
35946998
35942531
35928358
35925360
35919011
35918497
35916554
35912896
35909114
35895108
35887939
35887874
35887309
35886858
35876884
35864163
35860103
35859778
35858201
35858198
35858196
35858192
35854064
35849545
35820852
35813999
35790199
35786809
35781597
35779054
35779050
35779049
35776392
35770247
35770010
35757019
35756422
35751042
35748936
35743344
35723594
35713451
35692276
35692270
35692027
35690708
35686714
35686713
35686707
35665335
35657347
35656757
35656390
35646175
35643458
35635596
35620364
35606707
35601171
35601167
35601161
35594919
35584772
35578349
35572401
35547206
35543584
35543577
35537865
35536712
35536710
35535010
35532881
35532880
35511121
37484611
35502018
35502012
35499634
35494521
35492322
35488809
35476818
35469471
35468752
35463029
35452094
35449802
35438438
35433653
35426106
35417523
35412929
35412925
35412923
35412921
35394466
35391518
35389912
35383619
35383617
35382779
35378687
35358536
35355880
35340750
35333817
35320868
35320865
35320861
35320402
35313744
35310064
35294155
35284412
35280869
35273348
35262896
35262765
35260116
35255102
35247335
35243159
35234539
35234069
35226900
35225587
35221669
35217941
37641651
35196147
35188852
35186987
35186691
35186690
35179405
35175136
35171146
35171143
35170649
35168601
35167040
35157194
35156869
35156464
35156461
35156458
35156456
35153473
35149635
35149082
35148689
35148585
35147774
35144353
35140987
35135801
35133403
35128190
35128188
35128171
35128155
35124756
35108456
35102752
35081716
35075374
35067663
35067019
35059929
35046636
35041131
35020544
35020543
35020540
35020537
35020101
35013609
35005508
35004659
34995787
34992474
34987816
34983674
34983448
34981848
34974458
34967830
34963489
34956671
34950016
34937257
34937212
34937209
34926215
34917434
34914559
34914557
34914554
34914551
34912576
34911120
34908829
34907940
34905159
34879853
34874947
34868671
34865401
34865400
34864796
34864776
34861667
34845598
34843558
34840692
34826974
34826973
34826969
34808930
34801040
34799784
34791562
34788593
34784925
37641710
34761687
34759669
34756142
34756141
34751040
34741758
34720985
34709501
34704192
34694256
34690272
34679121
34675479
34675478
34670218
34667739
34667736
34661478
34661477
34661476
34661473
34660571
34650817
34646679
34635956
34624248
34599746
34595185
34594105
34580392
34573930
34571632
34571607
34564765
34559401
34555080
34554360
34544088
34540612
34538661
34533277
34530754
34526763
34524207
34513459
34506241
34506240
34503464
34501222
34497302
34486581
34486580
34483451
34480727
34476600
34469435
34468462
34468456
34468455
34461000
34453607
34450111
34432117
34431901
34431899
34427627
34426768
34417707
34414088
34408389
34392473
34388076
34388072
34388071
34388069
34385916
34381620
34370173
34367786
34362982
34353057
34345164
34344123
34340777
34340669
34339721
34326281
34313710
34313139
34310351
34301233
34294635
34292893
34292889
34290034
34284749
34282390
34277789
34269097
34268398
34262249
36660114
34259803
34258051
34250443
34248580
34244000
34241701
34236910
34236907
34236905
34236903
34236902
34233585
34221494
34204958
34198433
34191032
34185167
34170778
34170776
34169467
34163129
34156780
34156777
34150532
34150531
34148702
34146011
34146007
34135568
34129211
34118276
34117538
34097113
34095607
34091554
34091500
34086008
34075184
34074993
34072378
34065718
34050067
34044689
34043738
34038662
34038303
34038300
34038297
34012891
34012890
34011754
34011047
34010104
34009511
34003943
33992084
33989233
33986846
33982437
33979108
33958854
33956700
33946455
33945570
33935491
33935490
33931424
33929804
33910801
33907531
33907375
33901065
33895368
33895344
33892729
33892554
33891212
33878199
33875942
33873207
33869890
33866730
33864783
33863311
33858699
33852551
33849476
33842594
33832118
33832051
33832048
33822679
33818490
33788073
33783676
33782267
33777445
33770171
33769761
33769593
33762815
33761045
33751303
33747829
33747821
33747820
33733442
33730316
33727789
33722277
33716013
33688156
33661364
33650713
33642854
33633469
33630150
33629728
33614459
33609511
33609200
33607948
33605945
33603895
33603326
33599172
33598633
33596623
33577702
33577693
33577277
33575533
33573798
33560744
33560675
33556075
33548046
33546027
33545171
33542980
33541051
33541047
33529586
33520302
33516763
33515419
33499657
33494622
33492010
33489342
33470283
33468105
33468076
33466126
33456601
33432995
33432993
33432992
33432991
33420518
33417662
33412407
33400926
33398494
33390036
33389422
33384166
33381263
33380784
33379378
33378342
33376296
33369925
33358474
33344196
33342057
33336797
33331131
33328768
33326987
33326173
33323709
33319122
33315742
33315735
33315734
33313044
33307790
33303426
33296261
33295998
33295990
33295217
33293787
33292814
33292492
33288782
33275919
33273267
33273190
33273152
33259389
33255392
33252566
33252562
33245060
33244219
33240901
33239861
33238750
33235434
33235430
33231800
33229707
33229706
33229705
33229703
33229702
33229701
33229700
33229699
33229698
33229693
33229692
33229684
33229683
33229681
33229680
33229679
33229678
33229677
33229676
33229675
33229674
33229661
33229660
33229657
33229656
33229655
33229650
33229646
33229645
33229644
33223821
33215010
33215001
33214416
33208352
33207383
33197451
33196573
33187386
33181548
33170285
33170284
33170278
33163228
33158609
33157908
33153293
33149067
33149046
33149045
33139876
33135507
33133438
33128672
33128671
33126654
33124450
33122882
33120693
33116393
33116382
33116373
33116359
33097521
33093898
33088244
33083053
33083051
33066752
33062315
33061271
33061262
33054427
33047249
33037282
33034360
33034359
33034357
33028265
33024325
33017121
33014490
33004196
32999411
32980816
32976324
32965637
32956581
32947408
32947394
32947389
32943835
32941339
32926895
32925649
32922966
32915816
32905844
32904630
32903100
32902932
32902784
32901827
32901826
32901825
32901403
32898096
32892680
32854462
32852646
32848360
32847425
32840077
32832240
32826703
32826646
32821967
32821690
32821083
32818358
32818347
32818116
32811175
32785724
32785723
32785722
32779827
32779464
32773548
32769749
32766464
32760852
32742060
32740012
32740007
32737727
32733701
32732704
32727402
32725487
32724668
32720171
32715156
32708510
32704414
32703002
32701012
32700115
32698618
32695929
32694305
32685784
32683741
32682402
32675657
32671600
32668101
32666768
32656290
32653492
32646401
32644167
32644166
32643431
32637727
32630998
32620412
32617805
32607947
32606583
32601964
32597207
32591559
32569029
32566797
32566511
32560634
32552787
32546746
32543930
32539132
32530753
32529934
32521030
32521028
32521027
32521024
32521023
32521022
32519218
32495529
32494120
32468871
32461475
32461422
32460319
32447511
32439395
32433759
32430870
32426553
32425495
32420235
32420226
32420225
32419383
32413008
32411425
32410891
32410588
32398416
32396643
32396642
32396641
32396640
32377418
32361861
32358276
32358272
32358271
32355080
32351721
32349906
32347695
32341434
32341315
32339517
32334584
32328759
32326563
32323165
32318279
32317441
32315500
32306923
32299533
32297251
32280192
32274612
32271527
32271301
32271298
32271293
32271291
32271272
32271270
32267960
32267954
32265385
32255519
32243424
32231236
32226762
32215076
32212414
32210511
32205730
32201375
32197872
32195441
32185074
32183750
32176160
32172662
32161770
32159824
32159821
32159820
32159819
32159818
32150061
32142498
32142046
32142045
32142040
32133947
32126046
32126042
32126041
32126040
32126039
32126038
32118897
32118668
32109987
32098716
32093676
32090903
32090037
32083225
32081669
32079839
32076966
32076835
32074825
32074822
32074820
32074819
32074817
32074816
32055096
32053123
32050234
32042837
32040010
32037752
32032434
32032433
32032431
32032430
32032429
32032428
32027190
32017400
32010287
32004166
32003129
32001250
31975635
31956581
31940059
31933332
31925593
31924174
31917855
31917852
31917851
31917849
31917845
31912660
31906169
31902993
31890719
31885607
31878825
31875098
31874503
31869261
31868850
31856997
31856990
31856988
31850179
31830298
31830293
31830292
31830291
31829164
31828176
31824289
31819355
31810388
31808933
31805561
31794541
31781379
31773250
31762574
31758590
31754892
31752779
31741859
31740714
31714520
31714508
31710376
31710373
31710371
31710370
33437599
31692604
31691656
31688202
31686959
31686775
31678559
31677547
31668808
31668775
31664518
31658171
31650512
31650300
31650272
31647929
31634446
31621798
31619358
31615462
31612657
31610004
31610003
31598523
31585852
31585850
31579231
31573565
31573554
31572660
31572653
31571091
31570360
31567630
31567435
31567265
31567264
31564337
31564320
31560871
31559093
31559090
31537074
31531550
31526796
31517724
31514537
31513041
31498419
31498418
31498417
31498416
31498415
31495762
31490785
31490270
31490200
31490199
31490198
31487097
31470947
31463819
31448878
31438893
31436639
31411927
31402804
31399702
31396412
31395052
31393991
31393990
31393989
31393988
31393985
31393449
31384163
31372580
31370817
35463040
31362315
31354232
31354207
31353955
31347395
31341652
31325106
31317090
31315595
31313220
31306672
31304405
31298727
31298726
31298724
31282203
31278147
31275633
31266074
31265052
31264266
31262484
31257965
31254257
31248387
31238404
31236290
31232744
31218400
31213327
31196580
31185105
31185103
31185102
31185100
31184408
31182265
31173739
31170272
31170117
31169612
31169605
31146939
31146936
31144011
31143527
31134424
31131228
31130390
31128091
31125090
31124345
31119423
31118557
31114152
31109479
31103563
31098325
31088795
31087210
31080047
31077191
31065904
31061728
31059582
31059579
31059578
31059577
31040638
31036587
31033739
31029476
31029474
31024822
31024810
31014283
30988598
30988596
30984984
30984980
30984979
30982142
30971148
30961593
30950894
30943184
30923715
30918820
30906586
30899844
30898533
30894159
30889260
30882544
30876782
30872596
30866867
30866063
30859502
30855092
30855091
30855090
30851806
30851766
30846350
30845834
30840141
30830078
30819562
30819561
30817567
30816092
30815621
30809492
30809485
30809386
30809089
30801504
30798286
30787527
30772991
30772990
30760895
30760270
30742229
30742227
30742225
30742223
30742222
30742221
30733872
30733107
30733106
30722817
30721688
30721171
30713017
30705998
30702573
30686703
30684006
30681522
30664391
30662255
30660507
30658034
30647966
30643965
30640250
30633789
30633786
30633785
30633784
30633783
30633782
30632671
30632489
30601290
30601287
30601286
30601172
30581603
30575622
30573402
30568424
30557231
30556213
30550575
30544483
30541292
30524165
30540363
30540362
30540361
30538854
30538061
30526787
30519182
30516488
30499539
30499232
30481814
30480706
30479729
30478498
30428099
30428098
30428095
30428093
30428092
30424903
30420916
30419871
30419866
30417371
30412143
30411683
30410923
30406472
30398623
30391154
30384777
30379719
30368563
30368350
30359155
30355861
30355860
30355717
30347568
30347561
30347560
30347558
30340722
30339641
30339639
30308583
30308580
30302418
30297232
30296331
30296330
30296329
30296328
30296327
30294393
30288030
30272616
30271678
30254494
30250852
30244049
30243392
30237694
30233132
30233129
30228689
30228078
30228014
30222719
30222716
30214139
30208141
30203530
30201128
30199569
30199564
30199562
30199561
30196728
30191680
30187653
30187195
30172569
30171445
30170707
30166507
30154512
30153819
30147948
30135552
30128373
30123384
30123383
30123381
30123379
30121713
30115299
30115298
30115279
30107965
30107828
30105485
30104861
30103748
30098348
30093502
30090199
30089184
30089183
30089182
30078538
30076471
30067537
30067519
30061116
30056550
30055956
30055838
30055689
30053468
30051889
30050690
30046544
30044250
30043267
30037700
30037699
30037645
30024453
30016942
30013314
30001451
30001450
30001449
30001448
30001447
29997707
29995130
29995123
29988925
29985545
29979230
29978836
29960656
29959753
29952798
29944499
29944495
29942179
29940974
29940638
29936526
29927753
29923860
29922033
29914764
29910599
29909252
29891154
29889296
29889293
29889292
29889291
29886478
29879580
29874938
29872485
29872484
29855287
29847663
29847636
29847633
29844658
29789156
29785300
29785085
29785083
29785082
29782336
29780911
29780903
29776767
29773456
29772222
29771882
29765198
29757850
29753555
29752594
29750010
29743044
29738592
29738587
29738586
29738585
29718869
29708931
29705008
29704827
29703289
29703284
29700964
29700642
29685776
29675396
29675388
29675387
29674843
29658366
29657982
29644238
29636597
29634844
29616154
29615281
29611373
29610851
29610714
29610222
29610024
29600182
29590157
29576876
29564408
29561408
29558197
29543664
29543195
29537886
29532217
29522226
29522224
29516199
29506498
29502213
29474295
29464901
29450375
29450367
29429287
29429286
29429284
29429283
29429282
29426444
29425392
29425391
29425390
29425389
29425388
29417088
29416315
29411563
29408829
29403662
29403606
29401477
29390522
29382905
29380760
29375990
29372114
29340891
29339637
29339065
29335111
29335097
29335096
29335095
29335094
29335093
29321650
29315443
29315438
29315436
29315435
29310395
29302786
29285479
29284455
29283117
29270472
29270316
29265469
29260098
29259313
29256981
29251814
29242903
29233738
29227515
29227514
29227512
29227511
29227510
29227509
29223234
29223233
29223224
29219897
29217044
29216872
29215394
29210827
29208347
29206194
29200820
29192679
29183707
29181310
29180340
29167808
29148031
29141390
29123364
29120711
29119072
29117422
29117420
29117419
29117416
29117415
29117414
29111994
29102130
29101408
29099496
29095506
29090046
29090045
29090044
29087882
29085999
29077186
29075941
29066773
29064187
29063473
29062777
29053560
29053556
29042748
29042747
29033538
29032414
29028106
29018820
29018762
28991620
28991341
28985110
28979096
28965357
28963702
28945650
28945645
28944210
28944205
28944201
28940146
28932339
28932334
28931183
28928982
28919909
28917415
28914632
28913504
28912848
28905820
28902914
28880337
28880333
28880332
28876968
28875960
28875760
28875250
28866013
28860701
28848137
28844325
28837530
28831306
28823447
28823441
28822026
28820793
28815089
28808774
28799958
28794659
28791058
28791056
28787523
28787521
28787515
28787514
28780779
28777776
28777775
28775931
28771950
28771544
28761329
28749894
28747621
28746183
28745654
28742618
28741163
28741162
28740361
28732618
28732617
28732616
28730109
28727706
28726533
28724823
28718904
28708898
28706442
28700139
28683793
28681906
28681903
28680704
28676989
28663837
28655538
28652697
28651810
28647783
28646441
28645265
28644239
28644232
28631305
28628503
28626819
28626818
28622316
28620156
28612330
28608800
28601344
28600502
28596969
28594648
28591507
28590282
28589448
28587100
28586502
28586497
28586496
28585430
28579752
28579751
28576226
28562575
28553423
28553069
28551832
28545414
28544605
28542088
28540005
28532948
28532939
28532930
28532929
28513498
28506643
28503439
28503438
28493426
28486727
28486726
28486725
28486723
28486722
28486721
28486720
28486719
28461870
28458585
28450791
28450380
28445315
28435210
28424534
28422822
28420926
28413804
28410723
28410722
28410354
28409225
28407169
28407165
28407161
28403194
28396804
28393039
28393038
28393023
28392938
28388896
28387767
28384723
28380104
28379654
28379651
28379648
28377594
28367530
28366364
28366363
28366362
28362808
28359626
28356712
28356099
28355171
28349503
28346277
28339457
28337058
28336402
28335944
28331285
28318639
28317666
28316192
28299001
28293649
28293648
28291201
28285388
28275314
28265465
28264136
28264135
28264134
28264132
28264128
28255839
28251095
28251090
28243028
28243023
28210178
28209504
28207886
28203053
28197998
28192838
28192592
28192589
28192588
28192587
28192586
28188942
28187180
28168049
28163860
28162196
28162195
28162194
28151939
28149787
28135749
28115827
28099283
28095867
28068448
28068447
28068445
28068444
28068443
28068442
28068441
28068440
28060075
28060071
28060029
28051986
28031696
28018671
28009399
28009397
28007105
28003777
28003739
28002091
27994803
27994802
27992482
27981059
27975341
27956824
27956297
27956284
27956283
27941045
27938951
27936474
27932862
27930797
27930794
27930792
27930791
27916313
27911432
27911101
27910295
27899387
27899371
27898448
27893524
27893094
27893066
27893063
27884617
27865691
27863469
27853351
27846649
27843292
27843289
27839596
27839595
27839594
27830202
27830201
27824385
27824382
27824376
27824375
27818792
27803858
27803856
27800259
27799731
27466722
27028185
26657666
27739562
27739560
27469426
27784987
27391537
27350387
27775085
27774802
27767357
27757993
27757010
27757009
27751694
27227481
27130377
27467042
27722762
27722761
27722756
27722755
27722753
27716112
27699605
27697248
27689082
27686663
27672447
27668956
27655417
27655258
27647249
27630372
27623389
27621794
27621782
27621589
27620918
27601880
27601090
27600891
27598735
27598734
27598733
27598731
27598730
27586488
27585399
27583797
27577086
27560032
27549579
27548888
27543291
27531300
27531299
27531296
27531295
27531294
27531111
27531110
27531109
27531108
27518898
27513239
27505315
27505312
27505311
27504514
27502494
27500109
27498450
27492109
27478365
29715413
27467046
27467038
27462264
27457241
27456563
27446606
27430523
27418804
27418330
27413492
27413491
27409470
27400084
27400083
27400073
27392604
27373397
27373396
27373395
27367803
27367533
27363962
30070441
27348719
27331149
27315294
27315293
27313444
27311271
27304606
27304601
27304599
27275436
27267450
27257609
27255247
27243355
27239597
27239583
27224070
27224065
27220224
27196994
27191671
27186081
27175371
27163621
27163619
27163614
27163613
27162734
27158808
27158619
27156103
27152484
27143849
27138639
27138638
27130976
27124781
27124776
27116483
27113883
27099467
27099464
27099463
27099459
27096376
27096139
27080489
27079610
27078188
27070238
27070233
27070229
27070228
27063526
27063525
27063524
27063522
27059801
27051256
27049689
27044473
27042143
27032022
27031540
27027916
27027625
27027624
27027623
27026456
27026452
27026449
27022380
27022236
27014386
27012841
27012690
27000109
26996546
26995709
26984315
26979117
26968722
26967106
26950834
26949354
26949353
26948773
26938338
26935202
26909354
26899224
26899223
26899220
26899219
26899218
26899217
26899216
26899152
26896122
26896060
26890667
26890662
26889153
26871764
26870742
26870114
26868029
26865052
26864644
26863612
26862244
26859302
26856430
26856429
26856428
26856423
26852167
26833247
26824754
26817133
26814286
26812710
26812709
26812708
26807903
26798507
26796454
26796452
26796443
26788024
26777318
26768916
26764882
29190059
28635735
28397423
26709983
26709375
26707442
26703523
26703503
26703500
26703499
26703498
26703302
26703292
26703291
26693347
26692722
26684046
26683931
26682160
26677039
26655482
26653732
26653731
26653724
26653723
26649190
26649018
26621902
26613941
26610755
26609219
26605367
26605362
26605360
26603410
26603390
26603389
26603388
26589231
26558204
26556008
26554611
26550981
26549141
26546564
26544566
26544565
26544564
26544563
26544559
26528400
26525345
26518083
26516449
26509761
26504595
26499875
26499330
26488625
26483975
26481062
26469078
26469075
26452432
26444906
26435831
26432116
26432115
26432114
26432113
26426645
26425328
26417926
26415316
26406080
26405102
26400154
26390799
26390348
26379419
26375333
26368867
26366293
26359339
26356749
26352793
26352571
26352570
26352569
26352568
26352566
26352565
26352564
26352563
26352562
26340340
26332224
26327912
26310256
26309880
26307330
26289725
26287883
26287882
26287881
26287878
26287877
26281814
26273659
26268642
26268641
26266431
26266430
26259635
26253460
26248347
26248346
26229428
26226476
26226471
26225777
26222852
26221553
26221538
26220189
26210052
26206791
26203750
26203219
26199776
26189377
26186563
26186562
26186373
26167293
26165793
26156299
26154691
26140460
26135012
29018680
26105540
26101128
26100961
26098104
26097749
26096523
26087672
26086011
26060579
26059895
26058023
26058022
26058021
26058019
26049834
26049833
26046709
26046708
26046707
26046704
26046703
26040181
26025425
26020826
26020821
26020484
26011971
26011954
26005557
25992866
25985886
25974972
25974971
25974970
25970433
25966249
25959784
25954511
25953471
25951479
25943050
25941959
25938004
25935340
25931809
25927176
25922227
25920621
25910743
25909235
25896684
25886489
25884583
25884581
25881684
25877711
25877710
25877709
25875476
25874145
25871871
25868758
25865651
25855501
25853948
25853655
25853177
25840308
25840299
25840298
25839343
25831558
25830759
25828539
25827548
25817948
25811718
25807232
25804585
25797478
25795914
25795477
25785529
25768385
25760913
25754008
25751843
25751842
25751833
25751832
25750516
25747651
25746152
25744332
25742387
25735481
25735048
25735043
25727603
25724477
25711064
25709767
25709393
25709385
25709270
25703372
25692489
25686063
25686059
25681001
25678767
25666571
25661128
25661123
25658095
25651497
25651495
25649638
25649615
25643368
25630007
25624684
25618419
25613944
25611397
25611183
25603437
25603229
25599543
25599540
25599539
25599538
25588591
25582070
25568842
25568270
25566065
25565766
25558174
25555532
25555173
27800501
25551164
25550989
25548697
25540746
25537686
25533558
25532642
25532545
25514703
25514702
25506449
25506204
25503905
25503904
25497617
25488640
25487425
25487424
25477952
25473264
25473256
25467133
25465685
25465684
25465218
25465215
25465210
25461261
25458707
25457707
25457380
25444646
25444636
25444348
25442901
25442882
25437487
25437481
25437479
25437478
25436451
25420001
25419115
25397926
25397788
25390548
25380555
25379870
25375851
25363069
25357081
25354821
25349796
25343698
25334042
25333239
25325897
25325861
25325206
25321951
25321937
25311411
25309907
25307289
25305150
25302580
25295910
25295902
25291754
25291753
25291752
25291751
25284975
25280533
25278800
25276076
25272085
25272083
25263042
25262053
25259759
25255834
25250420
25250416
25250415
25240805
25230081
25230078
25223496
27843416
25211490
25208349
25198157
25190533
25189682
25178805
25176071
25176050
25176049
25171668
25170582
25170578
25161934
25151176
25150049
25149555
25135534
25135533
25135532
25129535
25127189
25122544
25121508
25120924
25120336
25104416
25100905
25097457
25090163
25087646
25081522
25076475
25072409
25062131
25055208
25054144
25051681
25045743
25043790
25036805
25019353
25016655
25002971
25000869
24994125
24990872
24983830
24982743
24982727
24977054
24973609
24972410
24972405
24971989
24971495
24967190
24966665
24961087
24957434
24957433
24942120
24942119
24940043
24931147
24926349
24904933
24894545
24893359
24893357
24893355
24893354
24891945
24886996
24884873
24882962
24881598
24878307
24877554
24876282
24874770
24874768
24868456
24865172
24862302
24858017
24857441
24857440
24857438
24853261
24847258
24845636
24837579
24837577
24830371
24803178
24801511
24799800
24799799
24792107
24790869
24771152
24767912
24763723
24763720
24763480
24763477
24763476
24763474
24763473
24761291
24757560
24751584
24751146
24735774
24734168
24727635
24727263
24726160
24726159
24709133
24709130
24706349
24702582
24702579
24702578
24702577
24702576
24702575
24699561
24698652
24688261
24684074
24679983
24669152
24669141
24667038
24650561
24647595
24636364
24622298
24581997
24581774
24581773
24576651
24569584
24568721
24563788
24562594
24560995
24559515
24555132
24531652
24528935
24513095
24512995
24510078
24510077
24506495
24492239
24485860
24480564
24479255
24473224
24461499
24461333
24461264
24452208
24447397
24439045
24404610
24402989
24401036
24393469
24389671
24388054
24386792
26605352
26605350
24379548
24373615
24373376
24373375
24365175
24363553
24349429
24349069
24348403
24345530
24333012
24327282
24326331
24322808
24321470
24303054
24296958
24270593
24269455
24267517
24256573
24246810
24232938
24232315
24227974
24227802
24222809
24222271
24218039
24211688
24204971
24203804
24202704
24202703
24195040
24187054
24185613
24178402
24172548
24170519
24168789
24160728
24160386
24159089
24147767
24145900
24145634
24145571
24137764
24128385
24112634
24109889
24109174
24109172
24109171
24109170
24106124
24094311
24088061
24088060
25606327
24075433
24075431
24068438
24065814
24064524
24063345
24057938
24057937
24054977
24046171
24045833
24043925
24029942
24026987
24024483
24021565
24014988
24001351
23991386
23990151
23982213
23980708
23974888
23974887
23964184
23952843
23952080
23942970
23940641
23940547
23939296
23938095
23929514
23929084
23925336
23925335
23925331
23925330
23912969
23912691
23909781
23909780
23909779
23909778
23908570
23901874
23901251
23900091
23900090
23900089
23900088
23900087
23900086
23889869
23886364
23882746
23874077
23872862
23872360
23871556
23870368
23868666
23866707
23863355
23860011
23846766
23843477
23841134
23840997
23837239
23836954
23830802
23830559
23826534
23826533
23826532
23826524
23826194
23823815
23820304
23820234
23820229
23820228
23820227
23813344
23809945
23807835
23807830
23807345
23800768
23799795
23799794
23799124
23799103
23796622
23794955
23794429
23793872
23791965
23787452
23787246
23786377
23778879
23778091
23776949
23769199
23766626
23765369
23757512
23749287
23747205
23743872
23739830
23731790
23723683
23696606
23691390
23688978
23688879
23688876
23688875
23680760
23680632
23680627
23665647
23665645
23665526
23664357
23659230
23659229
23657729
23656608
23652467
23650559
23638845
23629773
23629772
23619500
23605593
23603760
23595375
23584656
23582990
23580024
23576861
23576858
23568270
23568141
23557228
23557224
23557221
23543818
23543763
25390813
23536420
23535381
23532327
23522992
23521033
23506924
23506918
23496021
23496019
23478630
23465330
23462272
23459015
23458612
23449513
23447899
23447898
23447897
23447895
23446019
23446013
23440799
23440250
23435799
23434207
23417340
23415779
23413236
23407323
23405038
23394913
23392298
23389552
23380410
23380409
23380405
23375692
23356820
23355771
23355587
23352500
23347366
23345963
23332251
23332117
23329119
23326186
23325297
23317777
23317648
23311743
23311742
23311741
23311740
23310967
23302281
23302249
23277735
23275825
23275189
23271878
23269682
23258670
23249707
23248549
23234484
23233791
23232256
23231742
23231740
23231367
23226001
23225843
23224677
23221887
23221080
23219507
23217585
23216133
23212799
23210338
23201862
23195271
23195270
23183351
23174396
23158680
23158679
23155920
23155605
23152659
23152658
23141921
23140584
23139281
23139278
23132801
23132445
23129005
23128029
23115960
23115956
26107735
26107734
26107728
23112899
23112265
23102727
23086358
23086357
23084157
23079318
23079314
23079312
23076454
23074205
23073487
23073481
23073479
23066617
23038040
23061998
23061997
23061996
23060719
23056269
23055680
23055670
23052717
23050122
23022158
22999605
22999604
22999602
22994307
22991419
22957859
22947295
22947292
22947291
22947290
22947289
22940796
26107598
22937514
22935601
22932325
22932324
22932323
22926254
22920505
22906452
22906450
22906449
22906442
22894525
22892148
22891401
22888691
22888683
22888213
22888210
22879417
22879413
22876129
22871840
22869235
22869232
22865405
22858060
22837624
22830113
22815640
22814927
22814527
22814056
22814052
22814049
22814048
22814047
25657693
22791969
22789494
22788583
22786909
22784264
22775539
22773984
22773983
22773179
22767166
22767165
22767164
22767162
22762048
22752222
26107477
22743323
22737382
22733286
22733251
22733178
22727294
22727292
22727291
22722270
22716032
22716031
22714891
22708970
22699561
22697216
22696847
22696365
22695934
22692524
22690672
22684405
22679693
22677890
22674627
22673852
22673819
22672114
22670081
22647480
22645930
22633608
22624904
22624903
22624902
22624901
22624898
22623863
22577038
22611369
22607021
22606493
22591252
22591225
22589434
22589325
22577762
22576735
22574092
22570546
22569813
22569472
22569470
22569468
22569282
22553758
22552415
22543479
22542905
22536037
22525781
22520312
22518278
22515177
22512839
22512373
22496438
22495678
22493038
22488267
22487775
22480669
22475643
22454730
22445631
22443896
22443804
22440439
22440435
22440434
22429860
22424808
22424807
22405993
22405992
22386997
22386369
22378114
22377345
22373035
22371023
22365579
22358586
22357381
22355247
22350057
22347790
22346111
22340607
22333660
22331978
22330308
22323878
22323464
22322485
22321504
22317955
22317915
22310084
22301100
22299520
22297493
22288005
22275813
22267914
22265184
22262990
22253488
22251454
22247467
22244611
22236781
22233436
22230058
22230057
22219639
22218710
22215418
22207921
26107012
24555123
22201324
22187304
22186007
22185466
22174730
22169879
22169878
22157595
22157570
22157568
22153823
22153091
22153090
22149771
22149663
22149062
22135584
22133548
22132646
22131783
22128231
22112789
22108111
22108110
22107064
22095151
22081153
22081147
22074467
22074465
22074464
22069357
22045577
22045389
22041483
22041482
22041480
22041479
22034570
22034553
22033124
22029948
22029369
22023071
22019833
22018362
22011487
22001815
21996515
21993470
21985667
21978610
21974725
21972450
21966184
21959372
21952499
21950695
21946784
21944730
21941173
21912229
21930049
21930046
21929604
21928261
21926568
21921979
21918431
21914270
21914142
21913632
21913631
21913630
21887081
21887080
21887078
21877678
21876587
21871603
21871602
21865199
21853962
21853960
21852068
21852067
21851919
21840679
21840678
21834925
21819705
21815606
21800785
21798407
21797693
21794846
21791596
21786270
21782383
21782101
21782094
21782093
21782089
21779664
21752590
21752589
21751765
21751742
21751067
21746982
21740369
21739930
21734483
21726847
21726844
21720417
21718413
21718405
23960942
23960936
23960929
23960926
21708087
21700106
21700105
21697714
21694596
21686324
21676909
21676493
21675845
21666521
21666312
21666235
21657826
21655048
21654513
21640792
21623593
21615763
21611768
21609623
21602731
21598428
21596260
21596257
21596254
21596253
21584259
21573091
21563731
21563730
21552127
21552126
21550119
21549559
21540634
21537186
21537183
21537181
21534496
21533609
21533273
21524637
21524023
21511156
21507378
21505525
21499165
21497047
21484301
21483866
21465289
21464701
21455078
23960918
21448301
21448065
21446641
21440940
21435830
21425756
21420605
21420594
21420591
21420588
21418923
21411183
21410091
21410084
21410083
21406326
21406325
21399769
21394993
21394978
21394022
21393051
21386916
21386914
21386913
21383577
21372018
21369253
21366172
21366171
21366170
21357404
21350688
21340208
21336737
21335110
21333882
21333879
21323240
21319378
21310916
21293497
30657289
21270673
21266022
21262562
21262561
21258562
21243973
21243972
21242786
21242784
21241930
21241922
21241921
21241918
21241913
21240858
21226998
21224998
21211225
23074417
22606465
22553740
22553670
22454702
22454700
22384660
21186892
21186483
21185225
21183111
21183109
21183108
21174595
21166032
21140365
21120795
21117582
21117540
21117539
21117361
21117360
21113441
21111315
21111314
21109229
21103879
21099408
21093922
21093214
21067894
21060042
21054996
21054468
21051709
21051694
21045679
21045666
21045644
21043303
21035859
21029926
21029909
21029904
21029903
21029901
21029900
20962355
20954680
20954678
20954677
20954676
20954675
20954593
20954581
20951976
20944933
20941142
20926022
20922035
23960891
22737365
20873706
20873691
20871473
20871471
20870127
20870126
20870122
20870121
20870118
20870117
20853263
20853115
20839767
20839670
20839665
20839663
20815096
20813752
20802317
20795862
20728413
20724852
20712970
20709406
20697276
20694728
20692643
20692575
20692573
20692569
20692568
20691417
20689795
20689736
20679077
20677731
20677727
20677726
20676669
20674084
20672773
20672772
20672771
20672768
20672764
20665985
20656164
20656158
20656157
20644900
20634934
20628299
20615007
20610097
20610094
20610093
20610081
20607968
20606026
20603114
20602327
20601657
20596140
20595894
23960881
20577756
20577755
20577085
20572509
20570239
20560170
20560098
20554609
20549047
20544676
20543938
20543937
20543933
20542487
20540469
20540468
20540467
20540466
20539002
20534929
20534921
20532139
20517417
20517149
20508509
20506993
20506992
20506990
20506988
20505838
20505205
20494781
20494779
20494778
20494773
20494771
20494767
20494766
20493467
20491804
20489623
20489622
20489597
20488432
20481413
20481412
20481411
20467315
20467314
20464118
20463316
20458216
20457395
20457380
20457379
20457374
20456254
20453696
20450663
20450662
20450661
20449603
20438023
20438018
20436548
20431312
20429496
20417632
20415324
20415323
20415292
20415288
20415286
20411061
20404996
20398106
20398105
20393726
20393112
20389253
20383420
20379455
20373894
20373879
20373049
20368062
20362857
20362856
22737335
20349857
20349856
20337318
20337306
20335804
20307044
20300767
20234984
20229954
20229951
20229950
20229948
20229947
20227675
20213620
20207972
20207960
20205360
20205358
20205357
20202551
20202548
20202547
20202546
20202544
20202543
20202542
20202541
20199014
20199013
20199012
20199009
20199008
20199007
20180330
20166627
20166625
20166624
20166623
20166620
20166618
20164743
20163867
20163079
20163075
20163074
20163073
20153899
20152619
20152618
20152607
20152597
20145544
20142960
20139292
20137619
20137455
20137454
20131656
20131655
20128534
20117729
20117723
20117712
20117711
20117709
20108192
20108190
20102346
20098318
20098302
20095518
20091452
20074288
20072786
20070279
20059267
20052962
20052820
20052819
23960866
22624110
22553546
22553534
20042662
20042646
20027991
20027989
20027411
20023584
20009941
20006909
20000291
20000290
20000289
20000288
20000285
19969215
19969213
19957686
19957685
19957684
19955194
19928698
19928697
19928696
19928693
19924671
19921767
19921766
19921765
19848379
19848376
19848374
19848372
19848371
19848370
19907310
19907027
19907025
19901206
19900211
19898662
19894669
19889831
19882587
19882536
19881336
19878839
19878838
19878818
19878817
19847598
19835330
19835328
19835321
19824439
19820793
19820780
19810663
19810662
23960863
23960858
19789661
19787592
19787591
19787590
19786958
19781686
19781685
19781482
19781476
19781475
19781472
19777246
19777244
19772267
19772264
19772257
19772256
19772221
19763753
19756645
19747592
19741718
19733500
19730093
19724218
19715268
19715265
19715264
19714799
19714797
19714794
19705542
19705541
19705540
19705535
19703196
19694758
19688008
19683168
19681511
19674730
19672809
19672198
19668567
19668456
19663926
19662920
19662919
19662915
19662913
19662912
19657659
19654530
19654520
19654513
19648903
19643486
19643485
19641338
19631151
19631133
19631121
19631119
19631118
19631117
19603623
19603620
19603619
19603617
19603615
19602143
19597838
19591682
19574911
19574909
19574707
23198065
23198063
19551668
19551667
19551666
19545822
19545804
19545802
19543737
19539836
19539831
19537363
19537362
19521426
19512911
19507801
19507799
19507798
19507797
19502987
19499795
19494634
19493395
19491684
19491682
19486798
19485288
19481138
19469012
19468742
19465304
19465302
19465301
19465296
19465295
19465292
19456311
19444288
19431930
19431925
19431924
19431923
19422569
19421036
19421033
19421019
19416118
19411970
19411963
19411953
19407024
19398912
19396777
19393899
19393895
19393883
19393882
19393881
19387244
19387232
19387082
19387069
19387066
19384772
19375059
19370828
19370827
19370826
19370825
19370823
19370822
19370672
19357360
19351378
19344822
19344821
19342978
19338609
19327748
19327446
19321977
19321376
19306005
19304107
19304098
19304092
19304091
19304089
19302674
19285499
19285070
19253253
19253233
19253232
19251134
19248546
19248545
19248544
19248542
19248540
19248536
19248535
19248534
19244955
19244952
19244951
19243737
19243390
19241774
19241773
19241770
19241768
19241767
19241766
19233712
29276454
19218995
19214350
19212148
19206043
19200532
19187663
19187662
19187661
19185261
19185260
19185259
19185256
19185253
19185240
19185239
19185237
19184315
19175162
19169518
19168895
19158576
19158561
19158554
19151379
19142646
19136715
19133260
19122468
23861557
23074513
20361643
20339447
19107065
19101432
19101428
19101422
19092455
19092419
19092284
19089576
19089563
19087877
19080342
19079146
19065977
19065235
19064844
19060267
19058779
19054497
19052479
19050464
19044238
19044235
19044234
19044233
19044232
19044231
19044230
19044229
19044228
19044227
19041475
19040075
19040074
19040047
19039458
19034125
19027580
19027563
19027562
19027561
19027559
19027558
19023450
19021362
19006739
19006735
19006734
19006733
19006731
19001213
18997541
18988156
18988155
18952913
18930447
18923814
18856243
18856242
18856241
18856238
18856235
18856234
18856233
18856230
18856228
18855281
18850548
18850547
18850545
18846347
18813078
18812769
18812137
18812130
18812126
18812125
18812124
18812123
18812119
18811119
18811115
18811109
18811108
18785544
18784443
18782946
18780288
18775529
18774546
18773260
18772724
18772720
18769647
18765949
18757469
18753800
18729311
18727026
18721717
18721716
18721715
18721714
18703555
18695100
18692245
18679453
18658090
18655997
18655994
18655978
18655977
18655976
18655975
18655974
18655973
18650675
18650664
18650214
18631329
18614136
18607602
18598819
18581795
18581783
18571094
18571073
18571072
18556944
18546924
18545018
18545017
18545016
18545014
18520507
18520500
18517007
18516422
18516131
18515582
18515581
18515566
19668734
19668724
18508423
18503791
18502995
18500099
18500098
18500097
18500094
18500093
18500092
18500091
18500090
18500089
18500088
18500087
18500086
18500085
18500083
18500081
18500080
18499012
18499004
18499003
18498995
18498994
18498993
18498992
18494351
18494348
18494346
18494345
18494342
18494341
18494340
18494339
18494338
18471650
18471648
18471647
18471633
18465711
18446357
18435333
18434844
18433352
18431582
18427614
18419106
18412228
18408845
18406656
18404122
18401793
18395714
18385058
23479527
18362654
18361985
18361984
18361975
18361973
18357170
18342832
18337995
18332322
18331182
18328998
18326707
18317329
18316697
18305741
18299080
18299066
18299065
18299064
18299063
18299062
18299061
18297946
18297945
18297942
18297941
18297938
18297937
18297936
18293264
18292203
18272040
18271782
18269159
18269157
18269156
18269155
18269154
18269153
18269152
18269150
18269149
18269147
18269145
18269144
18243931
18245982
18245981
18245979
18245966
18245963
18243154
18242573
18242457
18242446
18242445
18242444
18242443
18242441
18235910
18225492
18222186
18216591
18216572
18215799
18209559
18180679
18173641
18173409
18172089
18171586
25389618
23479521
19354176
19277224
19105589
18165210
18165095
18165093
18165078
18165076
18157320
18157305
18154754
18078046
18068702
18061266
18055835
18054889
18053917
18053903
18053902
18053901
18053900
18053899
18047008
18047007
18047006
18047004
18047003
18047001
18047000
18046999
18043176
18041254
18041251
18041250
18041247
18041245
18041241
18041240
18038139
18030477
17996210
17993826
17988643
17985806
17985805
17985804
17985800
17985797
17985795
17981258
17979038
17964391
17964390
17964389
17964388
17964211
17955853
17946260
17940568
17937038
17926111
17916315
17912947
17912946
17912945
17912944
17912943
17912942
17912941
17912940
17912939
17912938
17912936
17912935
17912532
17908592
17901034
17900692
17897558
17897531
17895418
17893553
17889818
17889785
17889780
17889770
17889769
17889768
17889767
17889763
17889748
17889744
17888086
17873765
17804916
17763828
17760637
17724184
17721301
17721296
17720084
17720083
17720066
17720064
17717778
17717770
17699942
17698749
17682604
17674921
17671923
17667633
17662429
17662428
17662427
17662426
17662425
17660985
17655908
17652718
17650604
17647117
17641703
17632309
17624434
17605930
17605928
17605905
17604197
17601057
17598585
17598584
17598582
17598579
17598578
17598577
17598576
17598574
17598573
17598571
17592315
17592313
17592238
17591666
17586397
17586374
17586373
17586372
17586371
17571652
17568351
17568349
17568345
17568344
17568211
17568208
17568205
17567598
17559465
17559463
19547046
19547045
17551732
17543179
17540125
17533106
17531702
17531695
17531693
17531689
17531674
17525658
17525642
17523517
17523516
17523509
17523508
17523507
17523504
17523502
17516377
17514528
17510653
17509511
17505741
17502751
17471342
17466873
17466866
17466861
17466859
17466846
17460425
17460262
17459240
17457194
17456935
17455838
17455836
17455834
17455830
17455829
17455828
17455827
17455825
17444096
17444095
17444094
17444093
17444091
17444089
17444087
17442158
17442154
17419322
17415702
17415701
17413947
17397757
17397742
17397739
17397737
17397729
17396473
17386281
17386135
17385301
17385300
17385299
17385298
17385294
17385290
17385289
17385288
17385287
17384919
17382397
17378151
17374275
17366122
17350688
17345802
17344997
17344977
17337064
17329148
17326363
17326361
17326360
17326359
17326358
17326353
17326352
17326351
17326350
17325146
17324693
17324214
17324212
17324211
17323429
17321409
17321408
17321399
17320960
17320959
17320811
17317389
17314153
17301848
17300574
17297268
17294376
17293778
17293157
17292474
17284934
17283431
17282982
17276280
17276277
17276257
17269253
17269252
17269251
17269244
17269243
17269242
17269241
17269237
17258810
17251815
17251459
17239440
17224764
17224118
17222794
17216074
17212555
17206244
17199190
17198006
17197530
17197518
17189813
17189812
17189811
17189809
17188041
17181449
17177035
17173850
17173757
17173740
17173736
17173735
17172916
17172901
17172890
17172888
17172886
17169852
17162968
17162890
17162882
17162870
17157575
17157132
17152544
17147058
17146575
17137995
17137987
17133066
17133052
17133048
17124902
17124901
17124886
17124883
17124881
17124880
17124879
17120012
17120003
17114115
17098206
17096104
17095885
17093908
17081905
17081872
17081871
17081867
17081866
17074560
17074559
17072219
17070593
17069560
17068463
17068452
17061720
17061718
17061716
17061715
17061714
17061712
17061711
17061710
17057816
17057812
17057788
17056357
17013692
17011958
17011861
17010881
17010877
17010871
17010837
17006581
17001189
17000410
16995558
16995556
16995554
16995553
16995552
16995550
16995549
16995547
16995546
16995545
16974156
16966143
16961298
16954706
16954703
16952105
16949446
29404857
16944189
16940605
16937203
16936645
16935583
16935339
16935239
16932057
16931274
16931251
16929227
16909086
16903523
16900036
16900033
16900032
16900031
16900030
16898390
16897215
16889832
16883946
16877264
16876537
16876501
16876499
16863983
16863982
16863964
16863963
16863961
16863960
16863959
16857505
16857504
16857501
16857499
16857498
16857483
16857131
16850290
16845266
16828506
16826775
16822075
16814073
16814072
16814069
16814054
16814053
16808401
16805128
16805126
16805125
16805124
16805123
16805122
16805121
16805120
16805119
16805117
16805115
16804821
16799021
16799017
19516786
16785761
16785760
16783417
16783143
16776733
16773932
16765817
16765809
16765797
16765795
16765794
16765793
16765785
16765773
16765703
16765667
16764320
16762211
16761246
16760896
16758761
16758207
16751037
16750464
16723448
16722493
16722491
16722490
16722487
16722485
16722484
16722483
16722482
16722481
16722479
16720023
16713626
16705349
16704709
16703539
16703538
16703537
16701650
16699681
16699661
16698496
16698477
16698476
16698475
16696341
16688112
16682593
16678521
16678508
16678504
16670496
16670492
16670475
16670474
16650675
16650667
16650666
16650653
16647130
16646976
16643760
16643755
16643754
16633031
16633029
16631061
16631059
16631055
16629077
16629076
16629075
16629074
16629073
16629070
16629068
16629067
16629065
16629064
16629063
16629061
16629060
16625626
16619829
16604757
16604391
16602323
16602321
16602318
16602316
16602315
16602314
16599313
16599312
16599311
16599310
16565365
16565017
16565010
16564800
16552654
16546347
16546107
16545332
16538130
16536108
16532629
16526878
16526821
16523843
16523840
16523838
16523836
16523835
16523834
16523833
16523830
16516797
16516789
16516788
16516787
16516785
16516782
16516775
16516763
16500528
16490504
16490501
16490488
16488012
16482452
16481121
16473231
16473223
16473222
16473221
16473220
16473219
16473218
16473217
16473213
16465507
16458682
16447944
16447939
16447937
16447935
16447934
16447933
16431956
16431955
16422223
16422219
16421709
16415694
16412944
16412943
16412921
16412919
16412900
16412891
16395199
16386971
16386969
16378639
16378019
16376651
16374050
16374047
16366227
16361660
16360207
16357491
16338581
16338580
16338579
16338577
16338565
16338564
16338563
16338562
16338561
16338558
16338557
16338555
16338553
16331043
16331039
16331036
16329384
16329383
16329382
16329381
16329380
16329378
16329373
16329372
16329371
16329368
16329366
16329365
16329362
16329361
16329360
16329359
16329053
16329052
16328481
16327796
16322869
16321207
16318747
16318745
16318744
16310493
16308823
16303443
16303397
16303127
16284504
16283990
16281736
16263374
28221435
16246786
16246774
16234445
16231866
16227855
16227849
16224163
16219217
16212298
16212297
16212296
16212295
16212294
16212293
16212292
16212290
16212289
16212288
16212286
16212285
16209868
16209457
16209455
16209454
16209453
16209452
16209451
16209450
16209449
16209448
16209447
16209446
16209445
16209443
16209440
16199276
16199266
16198994
16193440
16193432
16191325
16183554
16168484
16160509
16160508
16160493
16157379
16140381
16138998
16134841
16129310
16129307
16129306
16129303
16129301
16129299
16129292
16129289
16129288
16129283
16129282
16128344
16128343
16128342
16128340
16128338
16128337
16128336
16128335
16128333
16128332
16128331
16123553
16123420
16123410
16111756
16105614
16105612
16105611
16105608
16105607
16105603
16105600
16105599
16095700
16081234
16080901
16059576
16052799
16047950
16044328
16039507
16039506
16039490
16039489
16039487
16039460
16035570
16033345
16023065
16021185
16020267
16015094
16008908
16008907
16008906
16003513
16001374
16001373
16000901
16000900
15999125
28221412
28221411
15981494
15980227
15977888
15977884
15977883
15977882
15976724
15976718
15976712
15975479
15975475
15975474
15975458
15975457
15975456
15975451
15973629
15969641
15968154
15962641
15953643
15953577
15953462
15953431
15953424
15936440
15926882
15924695
15923503
15921746
15912463
15912462
15909669
15905954
15905945
15899469
15899468
15899467
15899456
15899455
15899445
15899443
15899442
15898333
15894919
15887743
15884553
15883492
15882907
15882906
15875692
15860287
15851956
15850813
15840360
15838721
15834604
15834089
15829805
15829791
15829745
15824821
15824811
15811758
15811744
15811738
15811736
15808256
15808255
15808184
15807834
15807822
15807640
15803429
15803427
15796228
15796226
15796224
15796218
15796217
15785911
15782858
15779813
15778611
15778596
15778593
15774109
15770958
15767497
15767172
15767164
15767162
15767148
15767123
15751244
15747767
15734014
15733433
15725895
15725885
15725879
15724686
15724685
15724684
15724681
15724353
15722308
15721714
15721713
15721712
15721711
15721710
15721708
15721705
15721704
15721703
15721701
15721700
15721699
15721698
15721697
15721696
15721695
15721694
15721693
15721675
15715555
15710812
15692889
15692768
15691552
15691551
15691550
15691549
15665345
15652843
15652836
15652829
15652828
19488358
15634480
15629827
15629826
15629330
15629313
15629247
15627929
28221430
15618975
15617938
15617936
15617933
15617925
15617921
15617920
15617919
15617918
15616503
15606468
15604873
15604866
15604863
15586769
15586767
15586765
15586763
15586762
15586761
15586760
15582071
15578186
15570767
15545813
15534132
15530945
15523987
15523986
15523985
15523984
15523983
15523980
15523979
15523976
15523960
15523956
15523955
15523954
15523953
15523952
15523951
15521279
15521277
15521276
15521275
15521274
15521273
15521271
15521270
15521269
15521268
15521267
15521265
15521264
15521263
15521262
15521261
15521260
15519093
15519092
15519086
15519085
15519083
15519081
15519080
15519079
15519078
15519067
15519055
15510721
15510652
15508600
15506491
15505047
15505046
15503051
15502488
15500761
15500759
15499516
15499272
15499236
15499234
15499230
15493021
15492623
15488801
15488790
15484712
15480701
15474844
15474836
15474835
15474829
15474828
15474827
15474826
15474825
15467928
15467927
15465541
15452092
15452058
15452055
15452038
15448508
15448504
15448492
15448490
15448483
15448482
15377553
15364713
15363107
15342069
15342067
15342057
15342056
15342054
15342053
15342051
15342048
15342046
15326110
15316794
15313310
15313292
15313291
15313290
15313287
15313284
15309972
15307403
15307401
15307399
15307398
15307397
15307391
15301097
15301096
15300121
15291943
15291941
15290201
15289125
15288995
15281987
15273907
15268835
15268832
15260359
15260018
15259293
15257009
15257000
15256991
15255234
15253486
15249364
15234284
15234139
15234138
15234137
15232474
15232473
15232470
28221443
15220733
15220728
15220727
15218765
15210232
15210225
15210217
15210215
15207564
15207563
15207562
15207560
15207558
15207557
15206653
15205908
15201513
15191172
15188912
15188908
15188907
15188906
15188905
15188903
15188900
15188899
15188898
15188897
15188896
15181361
15179301
15177958
15177623
15177619
15177611
15177608
15177605
15177598
15177594
15162277
15161844
15134479
15134105
15132240
15130658
15130654
15130651
15130645
15130641
15130640
15130638
15130636
15130634
15130616
15126143
15121362
28226176
25178441
15118504
15117569
15115446
15111588
15111586
15110665
15106938
15098506
15097142
15097139
15097128
15097126
15094736
15093666
15093656
15093642
15093641
15093640
15093634
15084867
15084866
15084856
15072376
15072318
15072317
15072314
15072313
15072311
15072310
15072309
15072308
15068430
15059725
15059709
15052780
15051209
15051207
15050273
15050272
15050271
15050267
15050263
15050259
15050258
15050233
15049271
15049257
15045657
15043531
15040777
15040617
15031156
15030851
15030848
15030847
15030843
15030832
15030830
15030829
15030826
15030825
15030822
15030821
15030819
15021222
15019320
15019319
15019318
15019317
15011307
15004497
14991311
14991310
14991309
14989954
14989953
14989952
14985300
14971586
14971584
14967303
14967300
14967299
14967288
14967276
14967275
14967271
14967265
14967264
14962421
14962412
14763482
14763476
14763474
14763473
14763471
14763470
14763469
14763468
14763467
14750767
14750766
14750763
14750232
14745676
14744881
14740544
14740386
14740385
14740384
14722473
14720115
14718288
14716880
14715072
14711708
14711707
14711706
14709313
14709312
14709307
14709297
14709296
14709291
14709290
14708166
14704822
14703706
14700653
14700652
14700644
14693763
14689322
14670443
14670440
14670435
14670429
14670428
14670418
14670417
14670416
14646826
14644229
14650164
14640439
14640438
14640437
14640433
14640432
14640431
14640430
14640428
14640427
14640426
14622350
14620170
14618337
14609555
14606294
14604733
14604729
14604728
14604726
14604724
14604712
14604707
14604095
14601856
14598488
14597525
14564762
14560119
14557177
14555904
14552193
14552175
14533063
14522767
14522766
14522308
14522294
14522291
14522290
14522289
14522288
14522287
14522285
14518751
14518750
14518745
14518743
14518741
14518740
14518739
14510804
14509458
14508959
14508266
14508265
14507765
14507758
14499818
13678388
13129895
13129891
13129745
12974031
12967861
12955624
12954321
12954316
12954302
12954301
12954299
12954297
12954296
12954277
12950894
12948309
12939293
12920556
12917183
12917182
12917181
12903765
12900256
12900248
12900234
12900231
12900230
12899481
12899479
12899478
12899477
12899475
12899474
12899473
12899471
12899470
12898724
12898723
12898722
12895360
12889468
12888719
12888718
12888715
12888057
12883912
12883345
12883340
12881657
12881656
12881655
12880571
12880569
12880567
12870347
12867396
12867394
12861116
12860796
12859259
12852490
12852083
12842699
12842697
12842694
12842689
12842686
12842683
12840935
12840934
12838459
12827044
12827042
12825401
12825400
12822331
12820952
12820015
12819602
12799235
12796266
12796246
12792487
12792486
12792482
12792475
12792472
12784724
12781299
12781296
12781285
12781275
12781274
12781273
12781271
12781270
12781268
12777037
12777036
12777034
12777032
12777030
12777029
12777026
12777025
12772750
12770968
12770960
12769154
12768289
12766820
12766056
12760812
12759860
12759858
12759857
12759856
12759855
12759854
12756580
12756579
12755064
12752058
12751585
12750107
12749293
12747534
12746207
12723204
12722359
12719062
12714619
12714389
12708993
12701723
12701722
12701721
12701720
12701718
12701716
12701715
12701713
12700902
12699184
12699183
12699182
12699181
12699180
12699179
12699177
12699176
12699175
12699174
12699172
12699171
12698885
12698882
12696632
12695966
12695710
12695707
12689897
12689896
12686254
12686253
12686251
12686250
12686249
12686248
12686247
12686246
12686245
12686236
12686232
12683255
12678155
12664474
12664383
12664358
12663009
12663006
12663005
12663004
12659265
12658101
12658095
12654385
12654223
12648664
12648655
12648654
12648653
12648644
12648637
12648635
12648634
12648633
12647334
12642305
12631015
12623815
12623813
12623811
12621816
12617700
12614741
12614073
12613982
12605050
12605044
12601030
12589777
12579926
12579789
12579778
12579777
12579715
12579671
12579643
12578767
12578766
12575226
12567753
12567106
12566887
12566876
12566028
12556376
12553610
12553609
12553608
12553607
12553606
12553605
12553604
12553603
12553602
12553601
12553600
12553599
12551694
12551693
12551689
12551688
12551686
12551683
12551680
12551678
12551657
12546441
12545703
12545688
12543743
12543191
12536539
12532740
12532491
12525969
12525968
12523890
12516722
12515935
12511358
12506066
12506058
12504738
12502955
12502953
12502948
12498868
12498861
12498850
12498847
12498846
12498842
12487909
12487899
12483093
12482280
12482254
12478383
12478381
12474919
12472458
12470746
12470145
12466175
12458872
12458871
12458865
12457686
12457685
12457684
12457679
12457663
12457662
12454033
12429260
12429246
12414404
12414394
12414389
12411007
12411001
12410975
12410465
12410046
12394540
12392242
12388042
12388040
12388030
12388028
12388027
12388023
12388021
12371315
12361173
12361169
12361168
12361163
12361162
12361155
12361154
12361153
12361152
12361149
12353173
12352079
12234908
12231335
12231334
12231330
12231327
12231326
12231324
12231314
12231313
12231307
12231306
12231305
12227280
12226977
12226970
12223946
12219259
12213156
12212061
12208713
12208711
12208710
12208241
12202508
12192457
12171589
12165712
12165711
12165710
12165709
12165708
12165704
12162478
12161992
12160822
12160821
12160818
12160814
12160810
12160802
12160801
12160800
12160161
12160160
12160159
12160157
12160153
12160152
12160151
12160150
12153795
12153794
12149055
12148299
12147590
12144232
12140391
12140035
12139815
12131040
12131031
12131030
12131028
12107519
12096959
12096530
12096529
12095817
12094319
12074482
12072716
12063040
12062216
12059860
12058503
12054380
12054372
12053652
12051387
12051385
12051380
12051379
12051378
12051377
12051376
12051375
12049576
12046889
12046888
12046887
12046886
12046885
12046884
12046883
12046881
12046880
12046879
12046878
12046876
12046875
12046874
12046873
12046872
12046871
12046316
12046315
12046302
12045059
12045058
12045038
12036978
12036637
12036636
12036635
12036634
12036633
12034683
12011749
12002670
11988810
11986106
11986105
11986104
11986073
11981640
11980859
11978476
11978474
11978473
11978458
11978456
11978455
11978454
11978453
11973663
11973397
11973388
11973108
11973106
11973096
11973095
11973094
11973093
11965125
11965123
11965115
11965112
11955922
11955920
11955911
11955910
11955909
11955899
11955898
11955873
11955319
11955306
11955304
11955303
11955302
11941250
11934208
11934207
11934205
11934204
11934201
11934200
11934198
11934197
11934196
11933520
11932806
11931794
11927423
11927421
11927420
11927418
11927400
11923236
11923232
11917799
11917170
11915370
11913891
11900324
11898899
11879131
11886412
11881240
11877253
11877252
11877251
11877234
11877233
11877210
11877187
11877177
11877156
11877155
11877154
11877153
11874768
11874729
11873408
11871211
11864887
11864879
11864399
11864398
11864397
11864396
11862105
11862101
11862091
11862085
11860965
11857605
11853603
11852549
11852468
11845686
11840798
11838992
11835861
11835839
11835838
11835822
11835821
11835807
11835770
11833272
11828917
11828916
11828915
11828912
11828910
11828907
11828906
11828905
11828904
11828903
11828902
11821223
11821221
11821207
11821205
11820302
11817617
11805867
11805519
11805516
11805503
11800306
11794388
11780199
11778818
11777726
11777708
11777706
11777705
11772601
11772580
11765461
11765460
11764685
11758990
11758989
11758988
11758986
11758985
11758984
11758983
11758982
11758346
11753691
11753253
11738910
11738909
11738908
11738907
11738906
11733261
11733260
11733259
11730644
11729735
11728199
11726644
11725631
11713074
11709265
11709259
11709257
11709256
11709255
11709254
11709230
11709014
11704042
11704041
11699316
11687352
11685074
11685066
11605592
11605581
11601800
11601729
11594985
11593551
11589872
11585317
11583670
11583241
11583239
11583237
11583235
11583229
11583227
11583225
11583223
11583222
11583221
11583220
11583219
11581075
11581060
11581044
11581043
11581042
11578645
11573233
11569170
11566533
11566530
11563789
11561789
11558808
11552408
11548144
11545431
11535475
11530823
11530056
11524209
11524208
11524207
11524201
11524200
11524199
11524183
11521431
11520104
11516325
11512250
11510174
11510164
11507348
11507347
11507346
11507344
11507343
11507342
11507339
11483083
11496912
11496907
11489589
11489588
11489586
11489584
11489569
11489568
11489567
11488007
11482340
11476687
11476680
11476679
11473167
11473159
11472005
11472003
11472002
11472001
11472000
11471999
11471997
11470695
11470693
11470692
11466243
11466242
11458773
11453858
11438876
11438867
11438046
11433598
11431436
11425685
11425684
11425683
11425681
11425680
11413408
11406431
11406430
11406424
11406423
11405846
11405841
11408142
11408141
11408140
11408139
11408137
11402828
11396396
11392807
11392806
11383768
11383766
11383765
11383763
11383761
11382633
11382632
11382631
11381803
11377912
11377898
11377897
11377895
11377894
11377890
11373706
11352456
11352454
11351206
11340390
11339039
11336951
11336203
11333334
11333327
11333326
11333325
11329951
11328757
11322429
11322428
11322424
11322051
11321136
11320027
11316710
11316709
11316036
11316035
11316033
11316032
11316031
11316028
11316027
11316026
11316025
11316024
11316022
11316021
11316020
11316019
11316017
11316016
11316015
11311636
11311635
11311631
11311630
11311627
11311625
11310772
11310767
11310766
11310765
11310762
11310761
11310760
11310759
11310758
11297480
11297479
11292418
11292416
11286116
11286111
11286108
11271456
11264134
11264125
11255773
11255771
11255063
11255052
11255051
11255050
11255048
11255047
11255046
11255045
11255044
11255043
11248832
11248819
11248818
11237909
11237908
11227152
11226800
11226799
11226798
11226795
11226794
11226782
11225269
11220273
11222344
11217252
11202466
11201779
11201778
11201777
11201773
11195740
11190041
11190040
11190029
11189003
11189002
11189000
11188999
11183871
11183846
11180974
11167281
11166138
11165857
11165856
11159488
11158807
11158806
11158804
11158803
11151282
11151246
11151216
11150275
11150274
11134885
11134875
11134874
11134873
11134872
11134871
11134870
11134858
11127573
11124285
11116705
11116506
11115275
11110321
11110320
11110316
11110315
11110314
11110313
11110312
11110311
11110310
11097585
11097584
11097583
11095603
11095063
11094170
11084444
11084280
11084266
11084265
11084264
11078834
11076347
11076344
11059140
11055213
11054333
11054311
11053271
11051314
11041721
11033396
11033395
11033394
11033392
11033391
11033390
11033389
11031875
11031866
11031865
11020629
11020617
11020616
11020615
11020408
11019890
11019886
11019877
11019867
11019866
11019865
11019864
11013188
11013186
11011716
11011709
11011683
11009313
11008042
11008041
11008039
11008038
11004301
11004254
11004253
10992061
10981794
10980762
10977772
10977771
10977770
10974288
10970240
10970239
10969507
10967049
10967044
10964847
10959185
10957898
10950410
10950409
10946988
10946203
10946189
10946186
10946185
10941651
10939728
10939724
10939723
10939722
10939721
10937559
10933012
10933011
10928769
10926994
10926983
10925524
10919119
10922207
10919913
10919911
10916219
10913658
10889442
10889441
10889440
10889435
10889434
10889433
10889431
10889430
10889092
10887925
10880274
10874788
10863892
10858771
10857835
10857834
10857833
10844064
10850921
10845023
10832993
10832991
10832990
10832988
10832987
10832986
10832982
10832980
10832715
10832696
10831906
10831898
10831897
10831894
10831893
10831879
10820627
10811085
10811084
10810942
10810940
10806442
10794991
10794982
10794980
10771242
10771240
10771228
10771227
10771226
10771225
10771223
10771222
10768328
10768327
10768326
10768325
10766389
10766388
10766387
10766386
10766385
10766383
10766382
10766381
10766380
10766379
10761298
10746458
10746453
10746450
10746449
10746448
10746447
10744204
10744203
10743922
10743921
10743381
10741255
10732480
10726787
10677905
10677899
10713913
10713245
10713244
10713242
10713241
10713230
10713229
10713228
10713226
10713225
10712822
10711883
10710888
10704558
10704557
10704556
10703145
10703127
10703126
24364840
24364821
24364803
24364742
24364730
24364698
24364666
24364621
24364509
10693623
10693621
10693620
10693619
10693618
10693617
10693616
10693615
10690821
10690820
10690813
10683802
10683801
10683788
10676799
10672881
10672388
10670467
10670464
10665278
10664050
10659626
10656312
10653419
10653415
10647725
10647724
10647722
10646159
10646146
10646145
10646143
10646135
10643315
10641102
10636408
10634603
10632020
10632013
10631833
10621533
10621531
10612513
10609241
10609240
10609216
10609204
10609203
10609202
10609201
10599677
10590007
10590006
10590005
10590003
10590002
10589236
10582021
10582017
10580656
10580655
10577536
10577526
10577525
10574814
10574496
10572885
10571362
10571361
10571360
10569160
10569158
10569157
10569156
10535863
10532457
10523968
10519595
10519594
10511934
10511933
10511929
10509676
10509081
10509078
20086667
10504088
10504086
10504085
10504081
10504080
10504079
10504078
10493015
10493014
10487433
10487077
10485535
10482087
10476501
10476500
10476498
10472771
10463406
10460767
10460766
10458198
10458073
10458072
10458071
10457689
10457672
10445719
10445718
10445717
10445715
10445714
10445713
10445711
10445207
10445195
10445194
10445191
10445190
10445189
10442892
10442891
10442890
10442889
10434198
10432847
10429497
10424313
10422856
10422855
10412332
10409851
10409849
10407800
10404380
10404375
10404368
10404365
10404357
10392731
10387471
10387465
10387463
10381679
10374404
10374171
10374167
10374166
10372883
10368010
10367582
10367579
10367578
10367577
10367576
10366086
10363508
10363507
10360290
10336042
10336040
10336033
10334340
10334022
10334021
10333840
10330651
10330650
10330645
10330644
10330643
10330642
10330628
10328407
10328399
10328398
10328394
10326963
10235563
10235559
10224844
10224503
10220724
10216064
10214060
10214055
10208268
10202739
10202736
10202735
10202734
10202733
10202732
10202731
10202730
10202729
10202727
10202726
10202725
10202724
10202723
10202722
10202720
10202719
10202718
10202717
10202716
10202715
10202710
10202708
10202707
10202706
10202704
10202703
10201594
10198868
10198853
10198852
10198851
10192809
10192516
10188371
10102278
10095355
10091371
10090375
10090360
10089747
10088057
10083905
10080204
10080203
10080202
10080201
10080199
10079445
10079444
10079443
10079442
10067961
10067960
10048348
10030552
9987728
9987726
9987725
9987724
9987723
9987722
9987634
9987627
9951664
9951663
9951662
9951661
9951501
9951500
9951499
9933005
9932992
9917777
9917776
9917775
9917770
9894948
9894933
9888422
9888089
9888072
9881553
9869466
9866108
9866106
9866102
9866100
9866099
9866098
9865178
9860010
9860009
9857633
9855147
9855146
9855144
9850895
9850894
9850893
9850892
9848072
9848064
9843266
9841455
9834896
9834895
9828643
9828632
9826041
9826038
9825259
9824862
9823373
9823348
9822225
9820944
9820940
9820937
9819506
9818487
9818334
9818333
9818332
9818331
9810078
9801896
9795846
9795845
9793950
9793912
9793910
9793387
9793382
9791825
9791820
9791819
9791818
9791817
9791816
9790634
9787353
9787335
9771079
9770986
9768409
9768393
9768391
9763139
9758653
9758652
9758651
9758650
9756445
9756438
9754184
9754183
9753948
9752797
9747680
9743937
9738381
9734802
9729870
9719967
9719966
9719965
9719964
9719963
9716336
9716331
9715686
9715485
9715463
9709772
9709767
9709766
9703721
9699173
9699171
9699169
9699168
9699163
9699162
9686842
9684078
9682628
9682124
9682109
9682107
9682106
9678420
9677593
9677581
9676914
9676911
9676903
9667057
9664828
9663221
9663220
9663219
9657908
9642601
9642584
9642321
9641428
9641427
9641423
9641422
9640571
9640208
9593632
9610459
9610445
9610444
9606572
9603293
9603291
9602629
9599360
9596498
9594539
9593400
9593399
9592737
9591942
9591939
9584239
9584237
9579471
9578690
9578689
9574748
9574746
9574745
9574743
9574742
9574741
9574739
9571563
9571562
9571561
9571560
9571559
9571558
9571557
9571556
9571554
9571553
9571552
9571550
9571549
9571548
9571547
9571546
9559733
9559469
9559467
9559466
9559465
9559464
9559463
9553332
9549264
9545788
9545784
9544634
9544633
9544632
9531088
9531087
9531084
9531083
9531082
9531081
9530593
9530592
9530591
9530590
9530587
9530581
9529702
9527320
9524031
9520198
9520191
9513768
9510650
9507253
9501858
9499783
9494898
9494896
9477983
9479287
9474598
9469543
9467457
9467442
9465708
9432237
9432235
9348734
9457519
9457454
9456407
9456405
9456404
9456403
9456402
9445896
9442789
9439357
9437313
9427202
9427201
9427200
9427199
9427198
9423903
9423902
9423900
9422928
9407363
9373133
9373132
9373131
9403893
9403890
9403887
9403884
9400799
9369062
9369059
9368160
9368158
9368157
9379396
9379387
9379375
9379374
9379373
9352486
9352482
9352481
9352480
9352479
9352478
9352476
9344352
9338681
9331192
9331191
9331190
27475086
9294693
9294692
9294690
9513695
9377320
9376697
9374255
9349159
9349148
9311198
9286796
9286794
9286792
9286791
9286790
9286789
9286788
9286786
9286785
9286783
9286782
9262544
9261323
9261322
9261321
9261320
9255512
10170446
9395798
9352271
9333391
9333390
9303778
9292685
9292683
9292666
9292665
9292664
9290367
9290364
9268943
9268935
9268934
9248252
9230822
9224456
9222080
11189338
9278809
9278807
9278795
9278794
9278793
9278792
9278784
9223813
9186434
10437037
9267596
9209986
9209982
9209981
9183766
9183765
9183758
9183756
9183755
9183754
9176678
9160029
9143802
9594229
9243215
9235393
9227267
9197555
9197552
9159692
9159683
9159682
9101565
10684076
10437020
10437019
9196380
9135383
9113585
9113569
9113567
9113566
9109075
9109073
9109070
9109068
9082259
9082258
9082257
9082256
9076219
9071534
9071528
9071527
9063257
9063238
9156635
9156634
9124096
9059250
9059249
9059248
9047030
9046248
10436993
10436992
10436991
10436990
10436989
10073040
10073032
9868038
9745809
9587590
9554140
9554138
9554136
9554135
9554134
9515115
9440190
9440176
9440175
9408362
9408312
9389211
9380358
9380350
9373487
9340930
9340929
9261795
9228645
9186108
9186095
9186094
9142681
9101349
9100110
9100107
9100106
9100105
9099295
9049941
9049938
9049937
9049936
9049934
9049933
9049932
9049931
9049929
9049927
9043819
9031299
8985635
8985634
8958529
9286317
9286313
9051498
9051497
9051496
9003330
8953983
8953982
8953977
9479550
9479547
9479546
9479521
9479520
9479518
9479515
9044979
9044975
8994361
8972366
8972365
8970028
8970027
8970025
8970024
8970023
8970022
8950650
8942898
8942897
8942896
8942895
8899266
9044957
8915802
8915800
8859096
9639844
9041084
9041082
9041081
9041080
9041079
8895129
8895128
8895123
8895122
8895121
8895119
8878195
8862933
8862929
8841294
8790097
8913123
8871166
8871165
8854484
8853835
8764789
8764786
8759348
8701994
8694110
8694083
10163639
21102720
9590836
8954411
8908425
8871867
8871861
8871858
8844391
8844381
8844380
8844377
8795383
8795371
8684805
8965463
8965461
8965458
8828717
8828716
8828715
8826785
8784625
8784623
8784622
8759267
8753986
8753985
8753984
8753983
9199743
8771546
8771544
8771541
8766066
8733846
8724164
8724163
8724162
8724161
8724159
8724158
8724157
8724154
8724153
8724152
8724151
8724150
8724149
8724148
8724146
8724145
8651052
8637682
8610802
8610796
8964536
8823582
8823581
8778363
8778360
8778354
8705747
8703896
8689548
8689547
8670734
8604730
8602772
8925667
8857255
8705718
8705716
8705713
8705712
8705711
8705710
8705709
8705708
8703860
8656386
8656385
8656384
8656383
8600881
8600423
8600421
8600420
8597267
8595966
8653527
8653526
8653524
8653522
8653513
8653512
8653511
8653510
8653508
8653507
8653506
8653505
8653503
8653502
8653501
8623883
8573013
8721872
9213595
9096744
9072516
9021466
9021465
9021456
9021455
8963826
8963825
8963819
8963818
8963807
8963799
8907376
8907374
8876381
8835075
8758380
8734223
8732575
8731780
8664226
8656364
8656363
8656361
8656353
8630753
8628560
8550334
8540851
9275739
9098296
9098269
8818325
7501077
11980071
8751103
8746579
8624833
8624830
8624828
8624827
8551441
8551440
7501518
7487586
7485370
9005038
8963167
8963155
8587298
8570159
8565201
8565200
8549153
7573326
7573316
7488574
10151963
8963863
8668824
8533107
8528919
8528917
8528915
8528913
8528912
8528911
8524557
8524556
7474791
7473111
7473110
7473109
8537030
8537022
8534450
8534442
8534441
7639676
7639658
7587492
7549336
7549334
7549323
7549319
7549317
7549316
7549315
7547788
10172412
10150886
10150885
10150883
9121752
8545808
8523280
7613344
7605277
7575321
7496979
7786197
7777306
7777305
7641848
7761066
7748117
7674162
7674160
7663328
7659417
7609376
7600804
7555409
7555398
7553120
7553119
7553118
7553116
7553114
7553113
7553112
7553111
7553110
7553109
7553108
7553107
7553106
7553105
7553104
7553103
7553102
7553101
7553100
7553099
7553098
7553097
7553096
7553095
7553090
7553088
7553087
7553086
7728036
7791285
7746995
7742278
7724171
7710402
7710392
7710391
7656390
7656147
7540961
7891987
7872385
7791054
7743809
7634146
7634142
7634140
7616729
7478626
7781123
7739199
7701983
7627753
9262732
9262731
9262730
9262729
9262728
9262717
9221227
8745706
8719677
8659231
8569411
8549241
7822157
7759759
7722893
7715922
7651060
7641050
7641048
7641047
7641046
7560787
7533534
7993199
7832069
7980132
7844938
7837071
7837070
7719540
7719539
7719534
7719532
7943146
7887157
7823518
7820922
7812099
7812098
7812096
8085586
7941066
8090459
8090458
8090457
7996402
7996400
7994491
7530109
7530108
7530103
7530099
7522315
8053462
8058288
8053825
7980342
7825413
7825412
7825411
8023858
10147334
10147332
8035996
8031278
8031271
7955301
7932126
7528617
7528616
7528613
7528612
7528611
8198170
10147298
8206721
8008363
7976269
8172276
8190476
8190475
8188468
8051886
8033572
7522096
7522093
7522088
8154526
8079631
8079630
7925681
8129014
8129013
8201570
8196922
8193570
8127563
8006800
8006798
8006797
8006796
8006795
8006794
8006793
8006792
8006791
8006790
8006789
8006788
7966373
7517322
7517321
7517320
7517319
7517318
7517316
7517315
7517314
7517312
7517311
7517310
7517309
7517308
7517307
7517304
7517303
7517302
7517300
7517299
7517298
7517297
7517296
7517293
7517287
7517286
7517285
8311761
8152742
8152741
8017194
8302549
8302548
8300350
8149573
8145994
8114123
8089408
8089402
8019121
8013719
7886866
7886865
7852022
7821455
7722235
7604613
7517779
7517775
8250070
8259282
8155032
8155031
8154261
8115096
8312823
8280683
8261781
8148141
8117646
8117643
8117642
8117641
8117640
8412953
8304687
8261607
8259241
8114466
8310220
8395794
8371921
8241049
8241042
8229712
8352695
8266200
8112963
8328526
10148871
10148868
8398976
8398975
8398972
8375040
8339566
8339562
8328940
8325755
8321535
8225068
8225056
8506924
8512470
8510900
8230777
8230776
8488917
8503817
8501631
8493018
8489425
8343437
8334387
8334386
8319921
8470715
8470714
8470713
8497716
8495564
8494862
8490304
8479713
8407121
8510419
8510418
8499390
8499388
8499387
8499386
8499385
8499384
8499382
8499380
8499379
8499378
8499377
8499376
8499375
8499374
8499372
8499371
8499370
8499369
8499367
8499366
8499364
8499363
8499362
8499361
8499360
8499359
8499358
8499357
8499356
8499355
8499354
8499353
8494818
8487181
20802716
8487465
8515675
8511899
8482799
8481372
8481371
8481369
8481368
8464306
8464304
8450438
8450437
8450436
8450435
8450433
8326102
8287981
8253244
8205334
7952350
7952349
1486267
1484663
1493120
1493119
1341314
1341304
1341295
1341294
1341292
1291686
1415453
1471479
1453657
1399404
1524126
1520118
1520108
1480371
1480367
1450126
1450120
1450118
1450117
1450116
1513573
1513572
1414302
1621785
1320329
10147735
1637286
1637284
1637279
1637278
1634334
1629921
1495783
1390414
1390411
1390408
1390406
1390405
1300400
1630779
1607228
1507787
1633144
1633139
1614096
1594227
1600320
1600319
1562264
1543222
1591208
1591203
1580210
1544782
10149308
1739700
1735860
1735856
1559292
1554640
1494824
1490143
1477611
1399354
1374356
1344750
1322016
1303854
1294605
1294593
1289144
1780820
1841579
1775310
1798754
1782155
1755732
1755731
10149472
1929934
1929923
1821211
1776419
1958626
1958625
1958619
1945307
1945306
1753666
1923351
1907822
1750325
10149299
2043076
1886933
2069916
2069914
2025174
1817467
2012547
2012538
2000917
2043559
2043557
2034015
1936430
1816475
1808805
1794801
1794800
1794797
1786926
1786925
1753850
20577565
2244845
2244835
2244834
2244833
2081827
2076419
1700895
2257263
2257260
2257259
2257258
2257256
2257255
2205186
2082985
2387682
2369344
2369343
2268588
2115421
2350291
2350282
2334323
2248926
2248923
2330944
2248922
2115392
2358264
2345625
2323690
2297331
2272578
2248902
2233101
2192970
2086413
2086406
2078660
2684379
2597070
2614721
2797719
2759791
2620423
2778685
2778684
2674411
2674410
2477193
2730408
2667650
2597818
2657533
2488802
2660051
2665617
2928718
2643332
2912917
2912916
2910273
2673863
2641078
2625287
2625286
2612674
2601547
2583635
2562535
2554655
3239516
3230517
3226690
3226689
3194107
3247164
3050694
3418955
3351753
3341427
3389281
3341982
3402751
3402750
3339547
2979049
