9471521
9348734
9403884
9395878
9326968
9344352
9513695
9311198
9183765
9183764
9135106
9235393
9127280
9103217
9109077
9071527
9562791
9554139
9425429
9340930
9101352
9479546
9044979
8972368
8900354
8899276
8958737
8878195
8794706
8871860
8768472
8642737
9199743
8766066
8637700
8619782
8611883
8595966
8653522
8653514
8653513
8648986
8721872
9096744
9021467
9021466
8963816
8963801
8963799
8907374
8835075
8628561
8681099
8622293
8587298
8963861
7549323
7549321
7474778
10172412
7796523
7742278
7795514
7743809
7616729
9262728
7759759
7641045
7553904
7832069
7837080
7719534
7823518
7820922
7941066
7980342
10147332
7955301
7976269
8188468
7522087
8201570
7517322
7517291
8311761
8149573
8145994
7958036
7821455
8312822
8233402
8148141
8117640
8310219
8360028
8321535
8512470
8230776
8470713
8391970
8499388
8499387
8499385
8499359
8417305
8511899
1341314
1341291
1637284
1629921
1300400
1545638
10149308
1322016
1780820
1948883
1958624
1941595
1911508
2043076
2069916
2045024
2043543
1918823
2257260
2234833
2199937
2268587
2345625
2248902
2188389
2684379
2776965
2674411
2727527
2612674
3417765
3349845
3418955
18337995
18319857
18260277
18041243
17993819
17985002
17946260
17943758
17912944
17912940
17889781
17873765
17767247
17667628
17667621
17568211
17559463
17543179
17525642
17444098
17372341
17324693
17324136
17197530
17181449
17172901
17172888
17153171
17140827
17133067
17133048
19529566
17092160
17072219
17067903
17057816
17003417
16954706
16952105
29404857
23646392
16935597
16929227
16903523
16890320
16857505
16783143
16761062
16758208
16751037
16733692
16688112
16643755
16643734
16643730
16633022
16631048
16564822
16526821
16479360
16458682
16458241
16416284
16412927
16371787
16363667
16331047
16331039
16328481
16322869
16321207
16308821
16283990
16245962
16227837
16183130
16129299
16021185
16004925
16001374
28221412
15945003
15926882
15887743
15860287
15851956
15829805
15782151
15778599
15761482
15691564
15677957
15604866
15604863
15598046
15590546
15519092
15499516
15493021
15474829
15448504
15448490
15309985
15300121
15291943
28221449
15179301
15179300
15134479
15121362
15097134
15097122
15084868
14997738
14997322
14991309
14971586
14709304
14670053
14646826
14604095
14597525
14597524
14557177
14516799
12956278
12886512
12866184
12859256
12827044
12825401
12820015
12799235
12792472
12777028
12766821
12755066
12689905
12654385
12648644
12597779
12578785
12544806
12525969
12525968
12457691
12410046
12352079
12231324
12192457
12165713
12165704
12131032
12058503
12051384
12046243
11987045
11978472
11978443
11973663
11965125
11955910
11927423
11927418
11914238
11881240
11864887
11864879
11817617
11805871
11797308
11777709
11725978
11699316
11605582
11583226
11581075
11547815
11507339
11494805
11476689
11466243
11466242
11394476
11322051
11297503
11274691
11258125
11248832
11225582
11166138
11134875
11084267
11076347
11022660
11019864
11009313
10974297
10967049
10946988
10919119
10919905
10892476
10863892
10857835
10810939
10806442
10773976
10771241
10746453
10703145
10672388
10659626
10642111
10628242
10609241
10581901
10528281
10509078
10502064
10479897
10458070
10445724
10442892
10367578
10367573
10328399
10328398
10328394
10235563
10090360
10067961
10048348
9951465
9894948
9857633
9848064
9819506
9818321
9801896
9793912
9790634
9785857
9743937
9699163
9677554
9667057
9591942
9574740
9559733
9474598
9457519
29426444
29274346
29261846
29234586
29223224
29200817
29156465
29117422
29028106
29022964
28915799
28905820
28868034
28849554
28794659
28787524
28777776
28749898
28726533
28697678
28681909
28643708
28611133
28590282
28506643
28475698
28407172
28407162
28393023
28359272
28355171
28255839
28245347
28203053
28192592
29927184
28114695
28106890
28096654
28089075
28060075
28009397
27994811
27913863
27901549
27871716
27843236
27840505
27839606
27805532
27784985
27722758
27661066
27586488
27549579
29715413
27461761
27461520
27453231
27398012
27363962
27315293
27277426
27266077
27224065
27158621
27108844
27096139
27087308
27077785
27063519
27042143
26984315
28635735
28397423
26701271
26609217
26559276
26555591
26518083
26435831
26425328
26421964
26403280
26332224
26223421
26221553
26189378
26186373
26165327
26058033
26058024
26028958
26020484
26005557
25990805
25968930
25943050
25927176
25922227
25920104
25909235
25900814
25853177
25831558
25821589
25817961
25797478
25768385
25735481
25725037
25686063
25686059
25658095
25643368
25611397
25568842
25568270
25548697
25540746
25533553
25532545
25506204
25479452
25474234
25465702
25465215
25442885
25418502
25411933
25390548
25379870
25375845
25363069
25272085
25240805
25223496
25181507
25138761
25134494
25088639
25074773
25069625
25055208
25025646
24972408
24957440
24889146
24886996
24881598
24879392
24862777
24799800
24777043
24751584
24581789
24581788
24569577
24439046
24390309
24348403
24340090
24327282
24286850
24270593
24215436
24203805
24160384
24159089
24143069
24140196
24137764
24112167
24109889
24075433
24046171
24016345
24001381
24001351
23990151
23982997
23957755
23925336
23879015
23846766
23841134
23837239
23800768
23770654
23765369
23759442
23706927
23659231
23617376
23583044
23522596
23522595
23514228
23507856
23507821
23462272
23458612
23453694
23447896
23439933
23434207
23407323
23392298
23380410
23332291
23312148
23307206
23269684
23242301
23224124
23223978
23197267
23185573
23161181
23153657
23132453
23115957
26107728
23111181
23078347
22978296
22972054
22968362
22967865
22959103
22947287
22895047
22871840
22790433
22733178
22714891
22706337
22694963
22677890
22652856
22624892
22606504
22592397
22573413
22552468
22552415
22551601
26107334
22541659
22531435
22496437
22495025
22429860
22406945
22395893
22367048
22361311
22355247
22329795
22313435
22309634
22288005
22275813
22267457
22255429
22236786
22218239
22186007
22176885
22149062
22134588
22132645
22128231
22107942
22095151
22056868
22001815
22001239
21995982
21971732
21955631
21929604
21919430
21893901
21878753
21837583
21800729
21783096
21782094
21740369
21726844
21724045
21716167
21700099
21698026
21695382
21646908
21598871
21533609
21507377
21483866
21448301
21448065
21440940
21394990
21243974
21224998
21214143
21205266
23074417
22553740
22454702
21150427
21117361
21117360
21076305
21054468
21045660
21035859
20954688
20941035
20869120
20692570
20659676
20622671
20610093
20607968
20595900
20584028
20563585
20560098
20540471
20517151
20517149
20506605
20505837
20494782
20467315
20450665
20436544
20385943
20385535
20379455
22737335
20349080
20332652
20234984
20215374
20213620
20163860
20131656
20131655
20098303
21516873
19927270
19921769
19848377
19907027
19835332
19815735
19756645
19724207
19724198
19724197
19674730
19663926
19648776
19643959
19545803
19543737
19543241
19521426
19512912
19502987
19494634
19465279
19442562
19422961
19407024
19405768
19396777
19387082
19320316
19274411
19243390
19214350
19172466
19158554
19149498
23074513
20361654
19107065
19101418
19098706
19065990
19023450
18937820
18927225
18811111
18769647
18760767
18724151
18724146
18662023
18655464
18546008
18520851
18520514
19668734
18500079
18433352
18416258
18401793
18378313
18326707
18316697
18293266
18269150
18265992
18245982
18245966
18242439
18171586
20379427
18090889
41613495
41497725
41460127
41457821
41411558
41396443
41321555
41263332
41262232
41221814
41220049
41209449
41164216
41159562
41137571
41132458
41096061
41061947
41050442
40981195
40945255
40868812
40803253
40797452
40709610
40664551
40660493
40588076
40557398
40551923
40534811
40534794
40385118
40359015
40350347
40340676
40335976
40330970
40279320
40272311
40260341
40243069
40243052
40238717
40217769
40197083
40158342
40141828
40124678
40100052
40073226
40061383
39989728
39960629
39875465
39858623
39844372
39826357
39810916
39800842
39791077
39787784
39576485
39563679
39537007
39535071
39533004
39509277
39495112
39477246
39407777
39399116
39367396
39284400
39281397
39267552
39247851
39229665
39224608
39219796
39194600
39189536
39144640
39079759
39056800
39000162
38999358
38988774
38984608
38961236
38927751
38900717
38897147
38870648
38848055
38800368
38761205
38751994
38735449
38711575
38692690
38673651
38670636
38654988
38651696
38641525
38619603
38601054
38570181
38523284
38518836
38483915
38480607
38472013
38465837
38427335
38401428
38296321
38274459
38271413
38223817
38190569
38190568
38190565
38163580
38150030
38145371
38133648
38131602
38131580
38085219
38070308
38059758
38051696
38026612
37926879
37901643
37859806
37854373
37827443
37772880
37691282
37661651
37602613
37555621
37483635
37460969
37386760
37379114
37341848
37267821
37257925
37162398
37162394
37146636
37052874
37026238
37009052
37007267
37000704
36998514
36973686
36937196
36924519
36888565
36877777
36867477
36867476
36859738
36839533
36836669
36811882
36775668
36736649
36686263
36604657
36493767
36459623
36407166
36334941
36313989
36295528
36255612
36190035
36178782
36001208
35858201
35796129
35786147
35779054
35778593
35683443
35673319
35669060
35634717
35620364
35587897
35543584
35536706
35527243
35511121
37484611
35488100
35381897
35321044
35320861
35319664
35286434
35284412
35280869
35252147
35246091
35216957
35149082
35075374
35028488
35020544
35020539
35018494
34981848
34926215
34917445
34873572
34846349
34845598
34791562
34660571
34650817
34620779
34609048
34533843
34519442
34513859
34508030
34427161
34385813
34339721
34324945
34313710
34262249
34250443
34236903
34170778
34170773
34146033
34113464
34108404
34102132
34075184
34039223
33956700
33895368
33895029
33881273
33873207
33860963
33737305
33727442
33710474
33708786
33650713
33621682
33609511
33605629
33577702
33577693
33524460
33524364
33499657
33489572
33411099
33380784
33372587
33323709
33298985
33288782
33275919
33231276
33181548
33153293
33124121
33086291
33076278
33063982
33037282
32941339
32914278
32882308
32852646
32821967
32783422
32760852
32740012
32740007
32671287
32644172
32606583
32543930
32529934
32525050
32420235
32396646
32376389
32339517
32267960
32156485
32130150
32126051
32114836
31982994
31964191
31945333
31937486
31902993
31885607
31857915
31836109
31774457
31737391
31691031
31686959
31650512
31579556
31559090
31553623
31513240
31490785
31490273
31438893
31396412
31371912
31354207
31335537
31318725
31316823
31277131
31264266
31238461
31238404
31114647
31114150
31107284
31061970
31059580
31036878
30986810
30968291
30809089
30804159
30767763
30760895
30760270
30742229
30722817
30681522
30638059
30522385
30538061
30502456
30478498
30379719
30302418
30254494
30240724
30211743
30202620
30196728
30187195
30153816
30148416
30115299
30088427
30067537
30052559
30044250
30029635
30028749
29985545
29978836
29922036
29863546
29785085
29781929
29780929
29726489
29671065
29669368
29558197
29551887
29516199
29425812
29321650
29302786
29300264
